637,29,19,33
632,33,19,31
644,45,20,33
655,46,18,33
650,48,19,32
663,95,18,34
666,113,20,33
678,139,19,32
694,137,20,33
685,140,20,32
662,165,20,31
669,187,20,34
678,196,19,31
687,183,20,31
695,208,20,31
696,222,20,30
706,209,20,29
702,194,21,30
708,188,21,28
706,182,21,29
707,196,23,29
706,205,21,28
715,210,21,29
719,228,21,32
722,271,21,29
723,294,20,31
724,319,21,32
718,289,21,31
750,280,21,32
767,338,21,30
774,391,22,32
789,427,22,29
771,415,22,29
758,388,22,29
756,386,22,30
752,405,22,29
768,424,22,28
783,433,21,28
782,477,21,30
772,493,23,27
791,508,23,28
803,529,23,28
808,530,23,29
815,553,20,29
827,575,23,29
833,610,21,28
834,610,20,28
829,603,21,28
877,630,22,29
855,628,22,27
845,654,22,29
839,657,21,28
851,670,24,29
853,687,24,28
848,683,22,29
836,712,23,30
859,713,22,28
899,695,23,29
873,691,23,28
842,715,22,27
855,741,21,28
874,742,22,26
880,750,21,27
881,766,21,27
884,773,23,28
888,789,23,25
903,815,23,24
910,857,23,26
918,850,25,25
