1073,575,110,80
1109,653,54,43
1060,587,79,81
1041,618,95,62
1018,616,90,75
1001,609,91,89
958,617,83,75
896,604,93,81
902,632,73,62
850,600,68,90
821,629,90,72
810,617,88,77
795,601,81,85
788,606,81,83
779,611,91,84
762,637,73,69
770,600,83,103
753,619,75,67
722,592,82,86
718,635,72,60
706,611,73,91
684,611,73,62
691,610,67,77
666,611,76,86
657,632,69,75
632,618,78,81
631,617,68,60
611,598,73,93
616,645,71,59
577,627,66,83
511,631,70,66
494,634,71,91
517,640,71,77
506,631,68,74
510,613,71,94
514,660,74,71
509,649,69,89
490,683,75,59
484,657,75,94
487,689,69,64
471,665,68,86
455,674,74,85
448,692,72,78
394,678,67,92
361,709,73,64
272,692,70,83
227,665,69,60
0,0,0,0
0,0,0,0
0,0,0,0
0,0,0,0
185,540,70,83
203,532,79,62
254,528,69,80
261,530,80,74
331,511,76,84
419,524,71,80
649,515,79,103
757,548,83,85
798,541,73,76
817,522,78,84
707,588,77,85
668,573,74,78
658,562,74,93
634,641,55,78
558,649,94,76
543,679,61,86
507,687,75,106
504,775,63,81
457,797,89,95
