598,10,32,57
594,27,29,58
601,31,30,58
605,35,31,55
605,48,29,54
608,54,31,57
608,64,30,55
613,75,31,55
617,91,29,55
609,97,30,57
609,108,32,58
607,119,30,55
608,126,30,58
614,135,30,57
609,149,32,56
597,155,33,60
596,164,32,58
608,167,31,57
611,176,32,56
604,188,31,55
602,192,31,56
604,196,28,54
602,206,28,54
607,207,29,55
608,211,29,55
611,219,30,54
618,225,28,54
614,238,29,54
620,250,30,55
619,266,29,54
621,277,28,55
624,282,28,54
624,285,27,55
624,288,27,54
625,295,27,55
629,304,28,55
630,308,27,55
626,315,29,55
626,319,29,55
630,322,29,56
641,335,27,54
645,340,26,56
636,349,29,54
634,354,29,54
646,346,29,55
649,339,27,55
646,341,28,53
651,348,26,53
651,353,28,55
654,358,28,53
659,368,27,51
661,380,27,54
655,396,29,54
659,401,27,55
663,406,26,54
659,411,28,55
662,413,27,56
665,411,30,54
666,409,28,57
666,409,29,57
657,406,28,57
654,409,28,54
672,401,28,54
675,397,29,55
657,396,28,55
657,394,26,54
661,385,27,53
663,387,28,54
665,389,27,55
665,393,30,54
670,391,28,54
661,397,29,56
659,401,29,54
670,397,28,56
672,394,28,52
665,395,30,55
667,401,29,53
671,400,29,54
673,393,28,54
671,395,30,55
669,401,29,55
665,407,30,54
670,406,28,55
670,408,28,54
669,407,29,55
668,407,30,55
671,394,28,55
674,385,30,56
672,390,30,55
671,385,30,57
672,390,33,55
679,392,29,56
670,385,30,57
664,380,30,55
669,369,29,55
673,367,27,55
668,366,29,56
671,364,30,56
676,360,28,54
669,357,30,53
667,357,28,55
672,357,30,56
676,355,29,56
674,353,30,55
677,350,28,55
679,346,30,52
678,339,29,55
676,334,28,56
673,334,31,56
672,330,29,56
652,332,29,56
605,336,30,56
627,323,29,56
663,309,28,55
668,304,32,55
665,308,28,55
667,314,29,55
666,313,28,55
666,298,30,55
672,291,29,56
672,288,30,55
672,286,28,57
668,285,30,55
669,282,29,55
672,280,30,56
673,275,29,56
671,271,27,55
666,266,31,54
666,256,30,55
669,239,29,56
667,235,29,54
662,238,30,56
664,237,30,55
662,230,30,56
656,229,29,57
663,227,30,57
660,239,29,57
662,246,31,55
663,238,29,57
662,228,28,54
664,213,28,57
668,201,27,55
668,195,29,54
664,186,29,58
661,186,28,57
666,183,28,53
666,171,30,55
670,167,28,55
668,164,28,56
665,153,29,57
663,123,29,57
667,132,28,56
667,144,30,57
663,144,30,56
666,139,28,56
662,136,30,56
658,132,30,58
656,130,30,59
656,121,31,57
659,109,29,57
657,116,29,56
651,125,30,57
655,131,32,57
663,129,31,56
659,130,30,57
659,138,31,58
661,141,30,56
660,127,30,56
667,140,30,55
667,154,29,56
667,157,29,57
664,159,30,56
661,158,30,56
660,154,31,56
664,153,29,56
659,152,31,54
662,145,30,55
657,139,31,55
653,137,31,56
660,128,30,56
655,111,31,55
645,97,30,57
640,79,31,57
647,69,32,58
649,61,31,57
656,57,30,57
645,60,31,59
631,46,31,56
637,25,31,55
655,8,31,56
660,4,31,58
655,4,32,58
649,0,31,50
