544,110,28,56
538,110,22,59
535,113,23,58
536,109,19,56
534,110,24,56
531,104,22,57
531,104,23,55
525,102,43,55
530,103,36,55
540,100,27,57
542,98,24,56
542,98,28,58
540,96,28,60
539,100,25,58
536,101,27,56
531,101,23,54
522,101,30,55
518,104,31,55
511,103,27,55
505,106,27,53
497,105,33,52
492,104,28,51
481,106,30,53
473,110,33,52
468,112,22,53
454,114,34,51
452,114,27,50
437,115,30,53
428,117,35,55
426,120,24,52
415,121,33,52
411,124,32,51
400,124,30,55
394,128,35,54
394,132,28,52
386,134,32,55
382,135,31,53
378,138,29,58
377,142,28,57
376,146,27,55
376,149,27,58
376,151,27,59
378,154,26,56
381,158,29,58
384,162,26,56
391,167,29,55
391,175,37,50
409,176,40,51
423,176,49,52
460,168,35,59
486,158,27,57
499,147,44,58
522,129,27,63
533,120,25,62
541,113,26,50
550,97,21,50
554,85,24,59
560,86,23,47
564,84,20,43
567,82,21,47
573,86,24,44
582,88,23,31
589,74,18,39
596,83,26,54
604,95,30,53
608,108,32,46
604,110,32,46
598,111,31,51
595,107,29,53
595,112,26,45
596,99,25,56
597,91,21,64
589,103,31,57
592,113,26,53
595,115,24,51
596,114,27,53
597,110,28,55
601,108,29,55
609,105,26,55
615,105,23,54
618,101,23,53
625,100,23,53
628,103,29,50
638,104,23,49
642,105,32,50
647,105,29,52
654,106,24,54
658,109,28,54
662,110,26,55
665,114,28,54
667,118,28,55
670,117,27,56
672,115,25,56
670,118,27,55
670,116,26,55
667,118,29,54
664,120,30,53
662,120,28,53
658,122,26,53
657,122,26,53
657,122,27,52
658,121,25,52
659,124,26,52
663,126,25,53
666,129,27,57
666,130,26,56
669,133,25,53
670,136,25,57
670,139,27,58
670,142,25,56
667,143,27,58
664,146,29,57
658,149,30,55
655,155,31,57
656,160,29,56
654,161,28,55
651,164,30,62
651,171,29,58
651,171,28,58
654,172,24,57
655,174,24,57
651,175,26,60
647,179,29,58
644,180,30,57
642,183,26,58
630,185,34,52
627,183,34,55
622,186,26,56
617,186,31,58
615,190,24,57
600,192,35,57
599,193,34,57
602,193,25,58
599,197,26,60
598,199,26,57
599,202,26,55
598,203,28,54
599,207,25,56
600,208,26,58
601,208,25,57
601,210,24,57
598,208,26,57
596,209,27,57
598,208,25,57
599,209,25,57
600,209,28,59
600,207,30,59
602,209,33,57
604,207,41,57
610,205,37,57
629,198,29,58
641,191,30,60
652,180,31,59
661,172,30,55
668,161,32,58
675,152,32,53
676,141,43,60
688,131,32,57
685,123,40,56
685,115,42,45
688,103,27,56
686,96,27,52
678,91,36,47
674,95,40,47
672,93,30,49
665,93,26,50
657,94,32,53
651,96,26,56
639,102,37,51
628,97,39,53
606,95,46,47
592,94,42,44
568,90,37,49
546,91,33,53
535,72,36,72
526,75,38,60
512,72,29,56
498,72,37,57
488,73,38,46
480,75,32,39
469,80,32,33
455,75,36,46
455,76,33,53
451,74,23,54
442,74,28,55
439,71,25,56
439,72,21,57
434,76,25,56
431,76,28,55
429,78,25,54
429,80,24,53
428,83,24,56
427,83,25,55
428,88,24,57
427,91,25,57
426,93,26,56
428,96,25,56
430,97,24,57
431,100,23,56
431,101,24,59
432,106,23,59
434,108,22,56
435,107,28,56
437,108,29,56
445,109,22,57
450,110,26,57
453,115,32,54
462,115,25,53
471,116,29,52
474,117,39,50
493,119,32,52
501,124,31,52
513,124,23,52
515,129,35,54
527,130,26,55
532,131,32,56
536,128,30,56
540,126,27,55
538,122,29,55
538,120,28,59
535,119,26,49
526,119,34,50
521,119,29,50
519,119,24,51
515,119,27,51
513,116,28,52
515,116,32,53
518,113,30,55
522,113,27,55
534,113,21,56
535,112,27,55
542,113,22,56
545,116,24,56
547,113,24,58
547,111,20,56
547,110,22,56
546,106,22,58
544,105,30,59
545,105,23,57
543,104,25,53
544,99,25,57
545,100,21,56
544,99,22,53
546,98,21,52
537,98,29,54
539,99,26,54
536,100,21,53
532,101,25,52
526,104,31,49
520,101,27,51
508,103,32,54
506,103,31,55
507,107,26,55
504,108,28,54
503,108,28,54
505,107,28,53
506,107,28,55
512,105,27,58
518,107,24,57
519,108,24,58
526,107,22,56
542,103,26,57
539,104,31,56
545,101,24,55
542,102,27,53
546,105,25,51
554,98,20,53
561,98,23,26
563,95,20,22
565,96,17,21
561,96,23,24
557,95,23,30
554,92,23,33
552,92,22,42
548,90,22,47
542,86,22,50
534,86,23,53
526,86,28,52
523,86,25,52
512,84,32,52
508,84,30,53
499,83,24,52
492,83,29,50
486,86,21,50
478,85,25,51
465,89,34,51
454,86,33,54
453,88,26,56
446,89,23,55
438,87,28,57
438,88,26,58
437,88,26,56
436,89,27,55
436,90,28,56
438,86,26,57
439,88,25,57
442,89,21,58
444,87,21,60
444,92,24,56
443,95,26,52
443,103,29,50
443,101,29,50
447,104,28,48
446,101,28,52
446,96,26,56
445,90,25,60
446,90,24,61
446,92,25,58
447,88,24,55
446,82,24,62
449,78,23,63
449,86,24,56
448,88,24,55
443,85,28,58
440,84,24,55
436,83,31,54
433,86,31,53
435,84,27,53
435,90,25,51
432,91,28,55
427,92,30,55
424,97,27,56
422,99,27,57
420,104,27,55
417,108,25,56
413,111,27,59
408,115,26,54
404,120,28,57
402,125,26,56
400,126,25,55
396,132,26,57
393,134,25,56
389,140,25,58
390,145,25,57
387,147,25,57
386,151,25,59
385,155,24,57
385,158,24,57
386,163,25,55
387,167,25,55
389,171,26,58
390,175,27,59
393,180,25,55
395,188,25,50
398,190,30,50
399,190,30,50
398,188,38,52
416,186,36,48
426,185,44,48
457,179,33,53
476,170,36,53
499,165,35,54
526,160,30,53
542,148,34,57
560,140,28,54
575,135,24,48
586,129,22,48
598,129,19,29
603,125,30,50
610,125,24,52
615,124,27,54
620,123,36,51
625,124,33,53
632,121,28,50
633,124,28,50
636,125,30,53
638,125,29,53
637,127,31,54
632,131,35,53
630,130,28,54
623,134,30,57
617,136,33,56
611,136,23,56
602,141,33,54
596,141,33,53
591,140,26,57
585,141,28,57
584,139,25,60
577,140,28,58
575,136,25,58
571,136,24,53
563,133,29,54
561,134,25,50
558,132,25,53
557,130,23,55
559,131,22,54
555,132,27,55
555,133,26,52
552,137,27,53
549,138,29,57
546,141,26,53
543,142,25,57
538,147,28,56
537,149,24,55
528,151,31,55
527,152,29,55
521,152,24,59
517,154,26,59
518,155,23,58
514,152,26,61
513,154,31,59
511,153,33,60
513,151,26,60
512,151,26,59
512,154,25,59
512,152,27,58
515,154,25,57
517,153,24,58
516,151,25,57
516,151,25,56
514,148,27,55
512,148,28,55
509,147,28,55
505,147,28,54
504,147,26,56
504,145,27,54
506,142,24,57
507,143,23,57
506,144,24,56
507,144,23,58
507,144,23,55
508,143,22,56
506,144,25,56
509,141,22,59
508,144,23,56
507,141,23,58
508,142,22,57
504,142,26,55
505,142,26,57
504,142,26,56
503,141,25,57
504,141,33,58
508,129,29,61
515,119,23,57
518,115,27,49
520,106,28,54
520,99,29,51
524,92,32,47
520,88,26,42
514,79,26,46
507,75,29,51
498,75,32,48
495,74,22,51
489,71,26,54
485,70,30,54
484,68,26,53
486,69,25,52
487,69,23,53
488,68,23,53
491,69,23,57
492,72,25,57
494,74,27,55
490,73,31,56
488,73,27,57
483,72,27,58
479,70,27,58
472,67,27,56
467,73,31,51
462,71,29,53
458,73,25,55
457,72,25,56
453,78,25,55
449,80,25,56
446,84,25,55
444,84,25,52
445,88,27,53
448,89,25,55
451,92,24,53
452,97,26,57
456,100,25,56
462,102,25,54
465,103,32,55
473,102,25,55
479,104,31,56
486,105,30,56
497,108,23,54
502,108,29,55
509,107,24,52
518,110,24,54
523,108,29,52
530,109,24,56
536,110,25,54
538,112,23,55
538,114,24,57
537,115,25,56
535,118,26,52
530,127,30,52
524,131,30,52
521,135,28,50
517,141,30,51
511,145,34,54
512,146,36,53
512,148,35,51
510,150,37,50
511,147,29,53
512,145,28,55
514,141,26,56
516,143,28,56
513,142,29,56
510,143,29,57
512,143,26,58
512,140,27,58
513,137,26,58
515,136,27,55
518,134,26,54
519,133,29,53
519,132,28,56
517,131,27,56
519,130,25,57
520,129,23,57
522,130,22,54
522,131,24,58
521,129,26,59
520,128,28,57
518,126,27,55
518,124,26,57
517,123,27,57
515,119,27,58
512,117,26,56
509,116,28,57
505,114,28,53
499,113,28,55
495,112,30,56
495,110,33,55
495,114,38,52
497,107,30,57
496,105,27,56
494,105,29,54
492,107,30,54
485,104,27,55
478,104,28,55
473,104,31,55
468,103,27,53
456,104,36,52
457,106,26,49
449,105,28,51
440,103,33,52
429,103,31,53
420,105,35,56
415,108,33,54
406,110,34,54
405,113,34,53
393,115,38,53
390,116,32,57
384,119,35,57
386,122,26,56
382,126,29,57
378,130,30,56
376,132,23,58
372,135,24,59
371,138,23,58
369,140,21,56
365,144,25,59
361,147,28,57
360,149,25,58
357,154,26,57
357,154,25,57
355,156,27,61
354,159,27,60
352,161,28,56
351,160,27,57
351,161,28,56
351,161,29,56
352,162,30,56
354,163,29,55
357,163,27,56
359,163,25,57
361,165,25,59
362,165,26,59
364,167,25,58
366,166,23,58
368,168,23,57
368,168,23,57
367,173,24,54
368,171,25,55
367,170,27,55
369,170,30,55
372,168,29,58
373,167,28,58
376,166,24,59
380,166,23,59
381,167,28,56
384,165,26,59
387,166,25,57
389,166,25,57
392,168,30,56
390,166,32,60
389,160,34,59
398,163,25,56
389,162,35,54
390,167,32,51
384,167,35,50
382,166,34,53
388,169,25,54
386,167,28,54
387,173,31,49
391,173,30,47
396,175,32,49
400,173,37,46
406,169,38,50
426,168,26,55
435,170,27,57
436,162,30,61
445,151,28,55
446,141,31,54
452,129,33,57
464,124,29,49
471,117,30,50
477,111,44,52
476,110,38,56
473,109,39,58
483,112,31,58
488,119,27,51
491,126,30,46
498,126,43,53
521,114,30,64
532,114,28,63
538,113,30,70
547,131,27,63
548,130,26,60
547,132,26,61
539,129,32,60
542,126,27,61
539,121,26,58
535,122,29,55
529,120,31,54
521,119,33,53
517,116,32,57
515,112,26,57
508,112,27,54
503,111,30,55
499,110,28,56
499,110,26,57
499,106,25,53
501,103,25,54
501,101,26,57
501,99,24,55
503,98,24,55
504,98,24,56
506,97,26,57
507,98,23,58
507,93,24,57
501,93,29,56
500,96,28,51
496,94,32,51
492,95,29,54
490,96,23,35
488,98,20,34
479,101,27,35
471,100,30,51
465,101,35,53
460,100,37,54
467,101,28,53
469,100,24,56
470,100,22,46
469,101,19,39
468,105,21,32
467,107,28,30
468,106,25,32
468,105,24,55
466,107,26,54
467,105,25,52
466,108,26,54
468,110,24,51
469,111,25,50
473,113,26,46
474,114,26,24
478,114,29,27
482,116,28,43
487,118,20,40
491,116,21,42
497,113,24,51
500,110,27,53
501,111,30,48
492,106,40,52
491,105,31,51
490,103,31,53
486,105,31,54
483,105,33,53
481,103,35,48
483,100,33,47
487,104,28,51
496,105,37,51
505,107,38,52
519,101,32,56
529,102,30,54
532,101,31,54
531,98,31,55
530,93,33,55
531,94,32,51
532,102,37,43
531,104,45,46
540,97,32,52
542,88,29,59
544,66,24,68
543,65,25,65
548,79,25,57
547,81,26,56
547,81,24,47
543,78,25,46
536,76,27,48
534,75,25,52
532,78,26,47
531,79,26,54
533,84,24,55
533,85,25,56
534,88,24,54
531,87,24,54
528,87,24,52
523,93,28,58
521,97,26,56
515,100,26,54
507,100,33,53
500,98,37,55
500,100,31,55
499,101,28,58
497,105,27,56
499,108,23,52
493,108,29,53
490,110,26,51
485,111,27,49
484,110,21,34
481,111,24,32
479,113,24,53
477,116,26,57
475,117,26,57
473,117,27,56
474,119,22,56
472,120,24,56
472,119,24,57
471,119,23,55
470,119,23,58
468,121,26,56
466,121,26,56
469,124,27,55
470,124,26,58
471,127,28,57
473,129,27,56
475,134,26,56
473,134,28,57
475,135,25,56
476,138,28,58
478,139,26,59
477,143,24,58
477,145,24,59
477,149,25,59
475,150,25,57
476,154,27,56
476,155,27,58
475,155,28,59
477,160,26,56
478,157,25,58
477,157,26,56
474,155,29,57
475,156,28,56
476,153,27,54
477,152,25,56
477,152,24,54
478,151,24,53
474,151,29,54
471,146,30,56
471,143,30,55
469,140,30,57
472,140,26,58
473,138,28,57
475,138,26,55
473,139,25,52
472,141,25,53
468,141,29,54
465,140,33,54
467,140,32,55
470,140,29,55
474,139,26,56
477,139,26,56
479,138,25,59
482,139,23,58
483,140,23,57
484,141,22,57
486,142,23,57
486,142,22,56
486,140,19,58
485,139,21,58
483,138,22,59
481,137,21,59
478,137,25,59
476,137,26,58
473,137,28,57
471,138,30,56
469,139,30,55
468,140,29,55
