12,735,50,44
15,733,59,39
29,730,58,37
41,726,57,40
53,723,58,40
57,722,67,42
83,720,56,39
91,719,60,42
110,716,53,38
113,715,60,43
129,715,57,38
142,714,55,34
153,711,56,36
161,709,60,44
172,710,63,37
188,707,56,37
198,703,57,38
209,701,58,35
221,699,59,40
235,698,58,36
246,696,55,36
261,693,52,35
264,690,60,38
273,689,62,38
288,686,56,35
301,683,54,35
308,679,58,41
312,680,64,42
332,679,57,35
345,677,52,35
352,674,55,38
357,674,60,39
374,673,54,36
384,672,51,33
395,669,52,35
398,668,58,38
408,668,58,35
422,667,54,35
434,665,50,34
439,662,57,36
442,663,63,34
463,661,51,34
466,660,57,36
476,657,54,34
481,654,57,38
489,653,57,33
500,651,54,36
505,649,57,34
514,646,56,37
522,647,56,32
534,646,52,32
535,646,56,34
548,645,53,30
553,647,55,33
570,648,48,33
570,647,49,34
585,647,52,33
593,645,54,36
599,647,50,31
608,647,45,30
614,646,44,28
621,641,47,31
628,641,48,32
637,641,51,32
640,640,53,35
645,638,54,38
656,639,53,30
664,639,48,31
671,636,49,33
676,634,49,37
685,635,49,38
684,634,57,35
694,630,51,34
701,632,50,35
712,630,51,42
712,628,55,45
717,630,53,37
731,629,53,38
742,629,44,35
757,623,42,29
757,623,46,28
756,623,53,30
769,619,46,28
770,617,46,30
780,616,42,31
784,616,44,28
787,611,44,32
794,612,43,27
797,609,42,27
799,607,43,31
803,605,45,27
814,602,36,25
815,598,42,27
816,594,47,28
823,592,47,28
830,589,48,30
832,586,48,32
840,581,47,30
841,580,51,29
852,577,42,27
864,576,41,25
867,573,42,28
869,572,46,30
876,572,45,27
880,572,47,29
885,572,46,28
897,571,41,29
898,571,45,28
903,570,47,29
906,569,46,29
913,567,46,30
914,566,49,28
925,565,44,28
927,565,47,27
932,563,46,27
936,560,47,30
942,558,45,27
947,557,45,28
947,553,47,31
955,552,43,28
956,551,46,26
963,550,46,27
967,548,46,29
973,547,44,28
974,546,48,29
981,546,45,24
985,546,46,27
988,546,47,27
995,544,45,29
995,544,48,29
1004,545,44,27
1007,543,45,28
1012,541,44,27
1014,540,45,29
1020,540,44,27
1024,540,44,27
1026,538,45,29
1031,536,44,28
1031,535,46,26
1040,534,42,26
1040,533,44,27
1049,530,40,27
1049,529,44,28
1054,528,43,26
1059,526,42,27
1060,525,42,25
1064,522,43,27
1066,521,44,26
1074,520,42,26
1075,519,43,28
1081,517,40,26
1080,515,44,28
1087,514,40,27
1089,513,42,27
1093,512,40,26
1095,509,42,27
1095,507,44,27
1104,506,39,25
1103,505,42,27
1109,502,40,27
1111,502,42,26
1117,502,41,25
1122,500,40,25
1126,499,38,24
1125,497,41,28
1129,497,40,26
1132,495,40,26
1134,495,41,25
1139,493,41,25
1139,491,43,26
1146,491,40,26
1148,490,41,27
1153,488,38,25
1153,486,41,27
1157,486,39,26
