509,380,14,23
507,379,13,24
505,379,13,24
503,379,13,23
505,378,12,24
503,379,13,23
503,378,13,23
504,378,12,24
504,378,12,24
504,378,12,24
500,377,13,25
500,377,13,24
496,377,13,24
495,377,13,24
495,377,12,23
492,377,12,23
491,377,12,23
489,376,11,23
489,376,10,23
484,375,12,21
482,377,11,19
479,375,10,21
477,375,11,23
475,375,13,23
474,375,13,23
474,373,13,24
474,374,13,23
472,373,13,24
470,373,13,24
469,373,14,25
466,372,13,24
465,372,11,24
462,371,14,25
462,372,13,23
458,372,14,24
455,372,14,24
455,372,12,24
453,371,13,24
451,371,14,24
447,371,14,23
445,370,14,24
443,370,14,24
441,369,15,24
439,369,13,24
438,370,14,23
437,368,13,24
436,368,13,24
435,368,13,23
431,368,14,23
428,368,15,23
427,367,14,24
425,366,13,24
424,367,13,24
420,366,14,24
416,366,14,23
413,365,16,24
410,366,14,23
409,365,14,22
402,365,18,21
403,363,12,21
400,364,12,22
398,364,14,22
398,363,12,23
396,365,13,21
396,364,13,23
395,363,12,23
394,364,13,22
393,363,13,23
390,364,13,21
388,363,13,23
386,363,12,23
383,364,13,22
382,363,13,22
379,362,11,23
375,362,13,22
375,363,12,20
374,364,12,21
371,364,12,21
368,364,11,21
366,363,13,22
365,362,12,22
363,363,12,22
361,362,12,23
361,361,12,24
360,360,12,24
359,361,13,22
357,360,12,22
358,361,13,23
357,360,12,24
355,359,13,25
354,359,12,25
352,360,11,24
350,360,13,23
349,359,11,23
345,359,11,23
344,361,11,22
341,359,11,22
339,359,12,24
335,359,12,23
333,359,12,23
331,358,13,23
327,358,12,23
325,357,13,25
324,357,12,24
322,356,13,25
322,358,13,23
319,357,11,24
317,357,12,24
313,359,13,22
310,359,13,23
309,360,12,22
307,361,11,21
303,361,12,21
302,361,13,21
299,360,12,23
297,361,12,21
294,360,13,22
291,360,12,23
290,359,13,23
289,358,13,23
288,357,12,24
285,357,14,25
286,359,13,23
285,358,13,23
284,358,13,23
283,358,13,24
281,358,12,23
278,357,13,25
276,359,12,23
274,359,14,23
269,360,16,20
268,358,15,26
267,360,14,24
264,357,14,26
264,359,13,25
262,360,14,24
261,359,13,24
261,359,13,24
262,360,14,23
264,362,15,21
264,361,15,22
267,360,12,23
268,360,14,22
268,359,16,21
266,360,16,21
268,360,15,22
268,359,13,22
266,357,14,25
265,359,12,24
267,359,12,23
267,361,12,21
267,360,13,22
266,360,13,21
266,360,14,22
264,360,12,23
262,357,12,26
259,359,13,24
256,360,13,23
252,361,13,23
250,362,14,23
246,360,12,24
242,361,14,23
241,361,13,23
236,362,13,23
233,363,14,23
230,361,12,25
227,363,14,23
224,363,13,22
221,363,12,23
218,361,13,24
217,363,12,22
214,362,12,23
213,363,12,22
213,364,11,22
211,364,12,22
209,364,12,23
211,365,11,22
214,364,11,23
212,363,12,23
213,363,12,23
211,363,14,23
209,363,12,23
206,364,14,22
204,364,14,22
201,364,13,23
195,363,16,24
194,363,14,23
190,361,15,26
186,360,16,26
185,362,13,26
182,364,15,24
179,365,14,22
176,364,12,23
172,362,14,24
169,361,13,27
165,363,15,25
163,365,14,24
159,363,14,25
158,364,14,24
156,365,13,25
154,365,14,24
154,364,15,24
153,364,13,25
153,364,14,26
152,365,13,21
