489,11,25,24
479,14,22,20
482,25,22,22
490,34,21,28
486,32,20,26
483,29,21,24
484,44,21,24
483,59,20,25
482,65,23,24
477,61,23,20
478,70,23,23
482,79,21,32
484,70,19,29
480,81,19,25
474,88,20,26
474,84,22,27
481,89,21,22
481,90,20,27
477,103,19,30
475,136,18,26
478,143,20,24
476,147,22,25
478,165,22,25
473,165,21,21
472,163,20,26
477,178,18,28
479,193,19,23
477,201,20,25
470,208,21,26
466,214,23,22
467,232,21,22
464,243,19,22
465,244,21,26
467,241,20,25
472,264,20,21
472,276,19,21
476,290,21,21
470,298,19,19
465,296,20,20
467,300,19,22
472,304,20,26
470,316,20,22
460,334,19,21
462,330,19,20
466,334,20,23
465,348,20,19
456,349,20,20
458,362,20,23
458,366,20,25
456,364,20,21
454,374,20,20
463,393,19,23
461,405,20,23
453,409,21,20
453,415,21,22
460,428,20,26
467,447,21,24
459,451,20,21
457,457,20,19
458,457,20,23
453,451,21,21
460,464,20,19
463,469,19,27
461,479,20,25
460,482,20,23
457,482,22,21
456,492,20,25
453,506,20,24
456,514,21,22
454,511,20,19
451,503,20,26
443,521,19,26
448,527,20,23
458,522,19,20
450,550,21,24
440,557,20,24
422,541,21,24
421,547,21,18
432,557,20,25
434,571,20,26
435,578,20,23
429,575,20,20
426,567,20,25
433,578,20,25
429,605,20,22
419,609,20,19
417,603,20,27
421,599,20,27
422,607,20,22
419,625,20,21
415,634,20,28
415,649,20,24
415,651,22,22
414,651,20,20
415,654,20,27
416,666,19,26
417,692,20,24
418,690,20,22
419,682,20,25
415,704,22,23
408,713,21,21
409,722,20,21
416,724,20,29
412,730,21,26
404,734,19,23
418,725,20,22
425,706,20,26
418,731,19,25
407,762,20,22
410,759,20,21
421,771,19,29
419,765,20,26
412,772,19,22
407,788,20,23
414,781,20,25
408,790,20,25
411,804,20,21
411,836,19,21
414,851,19,22
417,851,19,23
419,846,20,22
413,847,19,24
410,857,20,25
415,876,23,25
