1052,274,16,25
1049,277,19,30
1051,280,16,22
1045,246,15,26
1045,258,20,31
1046,266,16,23
1045,252,14,23
1044,249,14,22
1041,257,15,27
1043,254,15,27
1040,256,17,25
1038,248,17,29
1040,252,16,28
1038,244,16,30
1035,248,19,30
1036,253,18,24
1034,243,15,30
1034,254,17,28
1033,245,15,25
1031,252,15,24
1029,252,16,23
1028,248,17,26
1027,253,18,27
1026,249,16,27
1025,251,15,30
1025,252,15,27
1021,253,19,30
1022,256,18,30
1019,250,18,32
1021,257,14,27
1017,256,17,27
1016,254,18,29
1013,256,18,28
1013,254,19,32
1011,255,19,30
1012,254,16,31
1013,256,16,25
1010,257,17,32
1010,257,19,34
1008,259,17,31
1009,254,11,29
1004,258,16,29
1003,254,15,29
1003,256,15,33
1001,260,19,31
999,256,18,34
1001,260,17,33
1001,261,15,32
995,263,19,32
1000,259,16,34
997,263,14,26
997,263,16,29
998,265,17,29
995,269,16,30
994,264,16,33
992,271,17,32
992,269,18,31
992,268,14,29
988,264,17,37
986,266,16,32
986,266,14,36
984,264,16,35
983,270,18,34
984,265,15,31
981,268,15,34
981,269,16,28
981,270,15,33
979,271,17,32
979,273,16,30
977,271,18,31
973,270,19,31
973,269,17,32
971,272,19,34
972,274,16,25
970,272,18,31
969,278,19,30
969,276,18,31
967,277,19,29
967,275,18,32
967,280,17,31
962,276,18,26
961,276,17,28
961,276,16,30
961,276,15,32
961,277,14,34
961,278,14,36
959,281,14,30
958,278,17,29
954,284,18,29
955,274,16,34
955,280,16,30
954,280,17,31
951,281,17,28
949,279,18,32
946,276,17,31
948,280,17,35
946,279,14,28
945,278,19,34
944,278,18,38
943,278,20,39
942,280,20,39
943,279,17,34
941,288,19,31
941,286,16,30
937,286,19,37
935,282,19,35
935,283,19,31
932,289,22,34
934,281,17,34
930,288,18,35
929,285,20,32
931,287,17,34
926,286,23,39
927,284,18,31
923,286,20,33
923,284,19,33
921,286,22,38
921,284,22,37
920,294,19,31
918,290,20,31
916,290,19,31
915,294,22,36
914,290,18,33
913,296,19,35
912,285,17,36
910,299,20,28
911,286,20,38
905,292,23,33
907,298,20,30
903,290,18,32
903,297,22,30
900,287,18,31
900,300,18,27
899,296,19,31
895,295,22,32
897,296,19,35
893,296,19,32
894,298,18,33
895,302,17,32
892,300,17,27
892,300,19,33
889,303,18,33
888,299,16,32
886,302,19,27
886,302,17,31
882,298,16,32
882,302,19,35
881,300,23,35
880,306,19,29
880,306,17,33
877,301,20,33
878,302,19,39
874,304,20,39
875,299,17,34
874,301,19,31
871,306,18,32
871,302,16,35
868,302,18,37
868,301,18,36
867,308,16,33
865,304,17,35
865,306,16,33
861,304,19,35
862,310,15,34
858,307,19,32
858,308,17,26
856,305,15,37
856,308,14,28
855,307,15,31
851,314,18,35
852,306,15,29
846,311,20,35
845,308,18,31
847,313,17,33
844,314,20,30
843,308,15,36
839,318,20,35
837,310,18,32
836,316,17,38
835,321,20,26
835,319,16,32
832,316,19,37
833,318,16,33
827,325,18,31
826,313,18,40
825,330,19,31
826,321,16,37
821,326,18,33
820,324,19,32
816,319,23,36
816,330,20,29
815,322,21,35
815,334,18,30
812,322,21,31
813,328,17,34
812,326,16,39
812,328,16,33
811,334,18,33
810,324,18,34
810,335,14,26
807,332,17,29
805,338,16,25
804,335,17,31
802,336,17,29
801,337,20,37
798,337,20,29
796,330,19,39
796,337,14,28
791,336,18,33
792,338,18,33
789,339,18,34
789,340,18,39
787,337,18,37
785,344,18,31
783,342,21,36
782,341,18,37
780,346,18,31
778,342,19,36
776,346,17,31
774,344,21,33
772,348,17,33
771,346,17,39
770,348,20,33
767,349,16,31
766,353,18,34
766,349,17,40
762,350,19,38
761,356,21,39
762,354,19,35
757,349,21,43
757,350,20,43
753,349,22,43
755,353,22,39
751,354,21,43
750,354,22,45
751,362,21,40
747,354,21,42
748,367,22,39
743,357,23,44
743,364,22,40
743,362,21,44
742,365,21,39
737,365,23,36
738,356,20,53
735,370,21,40
731,366,20,38
727,366,23,42
727,370,25,36
729,366,21,40
723,369,26,38
720,368,23,39
721,371,22,39
717,368,27,44
716,368,23,43
715,372,22,41
713,374,25,37
711,376,25,50
709,373,24,50
708,376,25,51
707,377,24,44
709,380,22,46
706,378,18,46
703,377,22,42
704,386,21,32
698,376,23,44
697,382,20,38
698,387,19,33
696,387,19,39
691,392,21,32
694,388,20,41
692,396,18,31
689,389,20,39
688,397,19,45
686,388,18,41
684,398,23,37
683,400,18,35
680,402,19,37
679,397,20,40
675,397,20,40
675,400,18,35
670,401,18,36
669,405,18,34
668,401,16,38
666,407,19,38
664,405,19,36
666,412,17,33
659,413,21,36
659,409,22,36
658,408,20,41
656,416,20,41
652,413,23,39
654,416,21,37
648,416,20,35
645,418,27,37
646,418,23,34
645,422,22,37
644,414,19,45
639,424,21,40
636,418,18,40
634,426,22,36
633,425,20,37
633,432,19,34
632,428,16,34
625,426,24,43
626,432,20,32
624,422,18,34
622,432,20,42
617,428,24,38
615,430,22,40
613,438,23,37
606,426,25,42
607,434,25,36
603,434,21,41
602,436,21,42
601,441,24,40
600,442,23,37
600,439,21,41
595,438,19,39
590,440,23,44
589,439,23,43
588,441,23,41
584,441,24,46
584,445,22,38
583,449,19,34
579,446,26,42
577,445,21,41
577,449,21,41
575,451,25,47
572,450,23,48
570,451,27,47
571,453,22,37
567,453,25,45
567,462,28,46
564,463,29,45
563,457,22,48
560,459,24,43
559,464,23,45
558,468,19,34
553,468,24,38
552,467,19,41
551,468,23,43
546,470,21,40
548,471,19,43
545,475,17,31
536,473,26,48
538,477,25,39
539,479,21,43
531,475,23,42
530,479,26,45
528,486,24,42
528,483,22,43
521,483,20,36
520,491,22,36
518,486,22,44
515,494,22,41
510,491,21,37
508,490,19,42
505,495,22,41
502,495,23,39
497,498,23,38
493,501,24,38
493,501,19,35
488,504,22,35
487,505,19,35
482,504,25,38
481,507,18,31
479,510,22,36
477,509,18,33
469,515,25,34
467,511,22,37
463,513,24,40
458,516,28,40
457,518,24,38
454,516,21,37
454,520,19,36
445,521,24,38
444,521,22,39
439,524,24,41
434,524,25,38
434,523,22,45
428,526,25,38
426,527,21,37
425,527,23,40
420,527,28,42
416,523,23,42
416,532,23,34
410,530,25,39
409,531,23,42
408,531,18,43
402,529,24,49
400,529,21,45
399,537,22,37
394,536,25,38
391,535,24,40
386,538,24,40
382,537,26,40
381,542,20,38
379,537,22,45
375,541,25,40
374,541,21,38
372,541,23,35
370,543,22,38
368,541,20,43
368,543,16,37
362,541,21,41
359,540,26,42
357,545,24,41
358,543,27,47
356,547,19,33
351,543,23,39
351,548,22,34
347,550,24,34
346,543,22,43
343,545,25,39
344,545,21,39
343,547,19,39
339,547,21,43
335,548,26,44
337,547,21,40
334,554,22,34
333,547,21,39
329,553,21,33
330,550,20,34
327,552,23,35
327,549,22,41
329,551,22,35
328,550,23,36
328,541,22,43
323,545,27,43
324,546,25,40
325,549,25,31
325,547,24,41
325,542,25,40
326,545,24,47
326,543,22,45
324,547,25,46
332,543,18,42
331,542,19,40
329,545,23,44
331,541,19,36
332,546,19,33
331,545,24,40
