678,542,30,29
678,542,29,30
677,541,29,29
678,541,28,29
678,542,29,28
678,542,28,28
677,540,29,29
677,543,29,29
677,540,28,29
676,542,30,30
675,539,30,29
674,544,29,28
674,542,30,29
676,544,27,27
676,544,29,30
675,546,30,29
675,545,29,30
675,546,30,29
676,544,30,30
675,545,32,29
676,545,30,29
676,547,31,30
674,546,30,27
673,546,30,29
673,545,29,30
676,547,27,28
674,551,29,27
672,559,29,21
673,564,24,28
673,572,24,21
669,573,26,23
673,577,27,22
676,580,25,20
678,581,23,20
680,578,19,25
680,578,20,23
679,575,23,26
680,573,23,27
683,570,27,30
678,572,32,29
675,570,33,29
676,572,31,28
676,572,30,27
674,574,32,30
671,574,34,31
670,580,32,27
667,578,32,29
663,581,34,30
662,582,28,27
659,585,31,32
657,585,33,31
655,588,30,31
655,585,30,30
653,586,28,29
653,583,29,31
652,586,31,31
649,585,31,29
647,588,30,32
645,586,29,31
644,587,28,33
644,583,27,31
644,584,28,31
643,581,29,29
643,582,29,31
642,582,31,30
642,583,30,31
640,583,28,29
638,587,31,32
637,587,30,31
637,591,27,29
635,590,30,31
634,592,30,32
635,590,31,33
637,590,31,33
640,585,28,32
642,586,30,31
643,582,30,32
645,582,30,29
646,581,29,30
647,580,28,30
650,578,27,31
652,575,30,33
653,573,30,29
654,574,32,27
654,572,32,29
650,575,36,30
650,576,33,30
647,579,32,26
645,580,30,29
643,583,30,28
641,584,33,30
639,585,33,30
639,584,30,29
641,585,29,31
641,583,30,30
643,584,29,27
646,579,31,33
648,578,30,31
650,575,31,28
652,576,30,28
652,575,29,27
651,575,30,29
652,574,29,29
649,578,31,29
646,579,24,31
646,582,21,32
645,581,22,32
643,581,22,31
641,579,22,32
640,579,22,32
638,577,26,33
637,577,28,31
637,575,26,32
640,577,28,32
642,580,26,28
641,577,27,31
638,577,30,29
637,578,34,27
639,576,32,27
635,572,34,28
636,572,36,30
639,575,35,30
638,575,33,32
638,579,34,32
637,581,30,30
633,584,30,28
632,586,30,28
627,588,31,28
626,591,32,30
623,593,32,32
620,596,29,29
617,598,33,28
614,599,33,29
611,601,32,30
609,604,33,30
607,602,32,33
606,605,30,30
606,603,29,31
607,602,27,32
606,597,28,35
606,598,30,32
607,598,33,31
608,598,31,30
610,597,28,27
612,595,27,30
613,594,32,31
616,592,31,33
618,590,30,29
620,588,33,31
623,586,33,31
625,584,31,28
628,581,33,31
631,579,32,30
633,577,30,27
635,575,32,28
636,573,31,26
640,571,29,27
640,570,30,27
642,569,30,28
643,571,30,27
644,570,33,27
645,571,32,29
646,568,32,30
647,569,31,30
648,567,29,30
650,569,28,31
652,565,30,33
654,564,28,32
656,559,30,32
659,557,32,35
663,551,27,29
667,547,25,34
670,542,24,25
672,538,26,30
676,534,31,24
678,530,28,29
682,528,30,30
686,524,25,28
687,521,31,30
689,518,29,30
688,515,30,28
691,515,27,27
690,514,31,27
693,516,28,28
694,515,28,29
693,517,28,31
692,518,30,29
692,521,29,29
691,520,28,27
691,521,28,29
691,520,28,29
690,522,29,29
691,520,28,28
691,520,28,28
690,518,29,31
691,519,29,31
691,518,29,31
690,519,30,30
691,519,28,30
691,519,29,31
691,519,28,31
691,520,29,28
690,521,30,29
691,522,28,30
690,524,28,33
689,524,29,34
689,526,29,33
688,527,26,33
688,531,24,32
684,535,30,27
679,539,31,26
676,544,23,18
672,546,25,26
671,546,23,25
669,547,29,30
667,550,30,30
665,553,30,29
661,555,31,29
659,559,33,29
653,562,31,28
651,564,29,31
649,565,28,30
648,567,28,29
648,568,29,29
650,569,27,29
650,566,28,32
650,565,28,27
648,564,30,28
646,561,31,28
646,560,29,29
645,558,29,27
645,558,29,27
641,556,32,28
638,554,35,30
641,550,34,32
645,548,30,33
646,547,28,32
647,547,27,33
649,548,26,34
650,550,24,28
648,548,28,29
647,549,30,29
646,546,31,31
645,545,30,30
648,548,33,29
648,549,31,30
646,550,32,28
644,550,28,30
642,551,27,30
640,551,28,28
639,551,29,29
639,551,26,26
638,551,28,27
639,550,27,26
640,550,25,26
641,550,24,30
641,553,24,27
639,554,26,26
640,555,25,25
640,557,21,21
640,558,21,21
640,561,19,19
637,563,28,27
635,565,31,26
636,567,29,28
631,569,30,27
625,572,32,30
624,574,28,26
624,576,28,31
625,578,26,30
626,578,32,30
631,578,30,33
637,576,26,32
641,574,29,31
646,571,26,29
653,568,27,27
659,565,27,28
666,561,32,32
671,557,29,32
670,554,29,28
674,552,30,29
674,549,31,31
674,550,30,31
675,550,31,31
674,551,31,29
673,554,31,27
672,553,31,28
672,552,32,31
673,552,30,29
673,551,30,31
674,551,29,31
674,550,32,32
676,549,30,32
678,548,27,32
678,546,26,32
676,547,26,28
678,547,26,30
680,549,25,31
677,547,27,31
676,551,32,30
677,549,31,30
677,550,29,30
677,549,28,29
677,551,28,28
677,548,30,31
678,548,30,32
679,545,30,31
681,545,30,28
682,544,30,30
683,543,30,29
684,540,31,31
685,540,31,30
686,539,29,29
687,538,29,30
687,537,29,32
688,538,28,30
688,538,28,31
689,537,27,30
688,538,29,32
689,538,30,29
689,540,31,27
689,538,30,29
690,538,31,30
689,537,32,28
691,538,30,24
689,537,20,19
689,538,21,20
689,538,24,22
687,537,27,22
687,538,31,29
686,538,31,30
685,539,31,30
685,539,31,29
685,539,31,30
687,537,29,29
689,537,29,29
690,536,27,29
693,533,30,33
696,529,27,31
698,525,29,32
