816,25,18,20
809,29,19,20
808,34,20,20
810,45,18,18
809,55,19,21
806,68,20,23
803,81,20,19
801,95,23,20
803,108,18,20
801,127,20,22
799,135,21,23
797,146,19,20
792,158,21,19
790,178,19,19
795,200,19,21
794,214,18,23
788,236,18,19
785,253,21,18
785,259,16,18
784,247,16,22
779,247,20,21
778,270,17,18
774,292,19,18
773,311,19,20
776,327,17,21
771,339,20,21
770,353,18,19
770,369,17,17
764,385,20,19
764,395,17,21
764,418,19,21
763,430,15,20
758,436,18,20
757,445,20,17
758,468,17,20
752,483,22,23
752,496,20,22
752,511,17,19
742,520,22,18
745,526,16,21
745,536,17,21
738,546,18,19
738,557,17,20
735,576,19,21
734,591,21,20
733,606,18,20
733,619,17,21
731,632,18,18
732,638,19,20
728,648,21,22
728,655,18,19
726,669,17,18
723,677,20,21
722,683,19,19
725,690,19,19
720,692,20,19
719,693,18,18
718,689,20,20
715,695,21,20
715,713,20,18
712,722,21,22
711,722,19,20
713,729,20,20
711,732,22,22
710,740,22,21
713,745,19,19
713,745,18,20
707,754,18,18
704,760,20,20
704,768,22,22
702,773,20,19
706,770,19,19
705,779,19,20
702,786,20,19
700,782,20,22
703,790,20,19
707,802,17,19
699,803,19,22
699,802,19,18
698,798,21,20
697,811,20,23
698,822,20,18
693,816,19,20
690,816,18,20
690,809,21,19
687,799,21,24
687,822,20,21
689,833,19,20
689,839,18,22
687,847,18,19
684,840,19,20
679,820,20,23
680,833,20,19
680,837,20,21
678,843,19,21
678,849,19,21
675,840,22,22
678,838,17,19
679,849,18,21
675,857,20,22
672,853,19,20
