900,391,17,21
905,398,17,16
904,407,17,21
911,412,17,19
910,413,18,17
905,415,17,22
902,409,16,18
909,409,16,17
923,438,18,21
919,440,17,18
911,427,16,20
910,430,16,17
909,426,16,17
920,456,16,21
921,453,16,17
911,424,18,18
910,438,17,18
905,442,18,17
914,456,17,18
925,474,18,18
920,465,18,18
917,456,20,20
916,446,17,16
920,461,17,19
928,490,16,20
926,495,18,16
928,492,18,19
935,513,16,17
936,510,18,19
928,519,18,18
925,523,19,15
923,518,18,20
926,538,18,17
932,548,19,17
944,565,18,21
945,583,18,16
939,572,17,19
939,570,20,19
935,564,17,15
933,576,18,19
932,584,19,19
925,578,18,17
927,575,18,20
935,586,20,17
942,577,17,20
946,601,19,20
946,613,19,17
941,599,17,19
944,613,19,18
943,598,18,19
948,600,18,20
954,604,18,16
953,578,18,19
954,590,17,18
949,599,18,19
948,616,18,21
950,624,17,16
951,612,16,16
0,0,0,0
943,597,16,15
950,606,16,18
950,632,17,16
940,612,16,18
935,605,17,15
939,624,16,17
954,659,17,17
951,695,17,16
947,692,17,19
944,691,17,19
939,714,17,17
941,712,16,19
948,714,17,15
953,722,18,19
954,714,16,17
954,699,17,19
950,690,18,22
949,717,17,18
935,747,18,21
925,739,17,17
929,732,17,19
936,740,18,21
941,717,16,16
944,726,16,20
943,740,17,19
941,732,17,18
939,731,17,18
942,730,15,14
953,758,16,18
955,764,17,17
949,738,18,16
952,718,17,18
949,725,16,18
949,758,17,18
952,773,16,21
947,764,17,19
947,755,16,20
951,751,16,17
947,737,17,18
950,756,18,21
947,740,16,15
950,737,16,18
951,730,16,21
952,716,17,17
949,690,18,21
948,700,17,19
953,728,17,17
959,774,15,19
963,806,14,14
966,815,14,17
967,796,14,18
968,776,16,16
967,771,16,18
968,784,16,18
971,805,14,16
974,821,16,20
969,822,15,17
1004,826,17,18
1038,806,17,19
1017,814,15,16
1002,841,19,20
1007,836,16,19
1017,821,18,19
