599,637,13,14
606,639,13,14
610,664,14,16
609,707,14,15
612,720,14,14
620,730,14,14
615,745,14,14
623,738,14,15
621,744,13,15
622,762,13,15
626,765,13,14
629,772,13,16
618,778,15,17
617,781,14,15
627,786,14,14
634,804,14,13
631,807,12,12
629,798,13,13
620,810,13,12
601,814,13,13
582,812,14,12
548,816,12,13
512,811,11,12
497,809,13,13
497,806,12,13
508,805,12,13
538,786,12,13
553,772,13,13
549,771,14,14
553,771,13,13
568,759,15,14
580,751,15,14
574,756,14,14
575,756,13,13
578,760,14,14
575,751,14,13
576,740,14,14
576,742,13,14
569,731,13,12
552,727,14,14
540,727,13,14
565,717,15,13
576,708,14,15
595,700,17,14
604,693,13,15
612,692,14,13
612,682,15,14
621,654,13,15
628,629,15,15
632,628,13,15
644,613,13,14
657,601,13,14
667,584,14,14
666,583,13,13
668,583,13,14
675,577,15,14
688,569,15,16
686,566,16,16
694,576,15,15
686,589,14,15
676,586,14,15
672,593,15,15
672,595,14,14
674,587,14,14
669,591,15,14
668,590,15,14
668,580,16,15
670,584,14,14
673,590,15,14
683,597,15,15
709,604,16,14
747,603,16,14
747,602,13,15
753,609,13,14
764,604,15,14
764,594,15,15
743,614,13,13
716,643,16,14
691,656,14,14
680,667,14,14
698,673,16,15
749,697,13,14
770,684,14,13
762,673,17,15
761,692,14,14
770,702,15,14
772,713,15,14
780,721,14,13
786,726,15,15
791,729,14,15
800,723,13,13
810,729,15,15
819,740,15,14
828,749,15,14
835,736,15,14
831,745,14,15
838,755,14,15
858,752,15,15
854,752,15,15
846,757,15,14
843,760,16,15
846,762,16,15
851,766,16,15
851,775,16,14
841,783,14,15
841,792,15,13
841,772,14,15
835,758,15,15
834,780,15,14
