759,0,20,16
760,4,21,20
757,6,23,21
756,14,22,19
753,19,21,20
755,29,18,19
754,40,19,19
752,49,22,19
753,53,21,20
752,64,18,20
754,80,20,22
752,93,20,22
748,97,21,21
749,104,21,20
754,113,20,19
755,120,20,18
751,122,20,18
754,134,18,18
754,145,18,20
755,158,19,18
759,165,19,20
762,163,20,21
763,171,21,21
765,183,19,19
764,199,22,19
765,201,21,19
764,203,19,19
768,217,18,17
771,230,19,20
770,240,18,18
770,242,19,18
771,237,18,18
777,239,18,17
781,252,20,18
780,265,19,19
779,277,19,16
781,282,19,18
784,283,17,18
783,296,16,20
784,313,18,19
782,321,17,19
784,327,18,19
786,324,18,19
787,332,21,20
792,346,20,19
789,356,20,19
787,358,22,18
790,361,20,21
797,366,19,21
798,371,20,22
798,379,19,21
801,388,20,23
804,401,23,20
809,410,21,18
812,426,22,19
816,434,21,19
817,430,23,22
821,438,22,18
828,450,21,18
832,456,20,18
838,461,21,19
840,465,22,18
846,467,20,18
849,474,20,20
851,478,20,21
851,485,19,19
853,489,19,19
858,491,19,18
861,497,23,18
867,507,22,20
874,517,17,20
873,521,20,22
876,531,21,21
880,540,19,21
882,550,20,20
880,559,19,21
878,564,19,20
879,565,21,19
883,572,19,21
883,582,20,19
888,589,21,19
889,595,21,19
887,602,20,17
884,614,21,19
888,629,20,17
885,639,21,18
888,644,19,20
892,649,20,20
895,661,22,22
895,666,22,20
895,672,22,22
895,684,22,22
897,693,21,19
894,691,20,18
893,684,20,21
892,694,21,21
893,703,20,23
890,714,19,23
892,720,18,21
890,729,25,20
888,744,23,21
888,761,22,19
890,776,21,18
889,782,22,20
888,778,23,20
883,771,21,20
882,769,22,21
879,773,22,19
854,785,20,19
826,806,20,18
805,821,23,18
802,832,23,21
811,838,20,18
814,840,23,21
817,850,20,19
812,854,25,20
822,856,22,20
861,852,23,19
924,835,21,20
981,810,22,19
990,796,21,17
963,797,19,22
939,807,19,20
937,812,22,18
937,818,21,17
935,821,19,16
925,820,20,20
916,827,22,19
916,836,22,19
915,842,20,20
912,844,19,21
904,848,23,20
904,855,21,19
903,863,17,17
899,866,19,20
894,868,23,20
890,875,21,20
889,878,18,20
893,880,19,19
918,871,18,17
973,846,17,19
1019,823,20,17
997,821,22,17
977,834,18,17
969,841,19,18
961,845,21,19
957,852,23,17
958,859,20,18
956,866,17,17
953,871,24,17
953,871,20,19
952,873,18,22
