1025,44,21,30
1021,36,20,32
1020,27,20,33
1023,28,19,31
1021,28,21,34
1017,14,19,32
1022,1,19,30
1020,5,19,32
1024,12,19,33
1029,25,20,33
1028,38,20,33
1025,32,19,33
1023,19,19,34
1024,26,19,32
1027,32,19,32
1026,42,18,30
1021,43,18,31
1023,42,18,30
1022,40,19,31
1023,38,19,31
1026,56,18,33
1024,60,19,33
1023,52,22,30
1028,51,23,31
1032,46,21,30
1030,45,19,32
1025,51,19,33
1028,56,17,32
1031,56,19,35
1029,51,19,34
1030,47,20,36
1029,34,19,35
1031,32,19,33
1031,26,19,35
1030,14,19,34
1027,19,19,36
1029,41,18,33
1028,55,20,36
1026,69,25,30
1028,77,23,32
1024,91,24,32
1024,94,25,28
1021,97,21,29
1022,98,20,29
1011,80,21,29
1009,80,21,32
1009,100,22,32
1008,102,22,29
1002,78,21,33
1000,74,20,29
1003,82,22,31
1002,91,21,30
994,100,22,29
992,112,21,31
991,123,21,29
984,116,20,30
981,117,20,31
977,120,19,31
980,121,18,32
981,119,18,32
976,107,18,34
972,99,18,32
971,108,17,33
974,122,17,31
970,112,18,32
964,105,18,33
966,97,20,32
970,94,18,29
961,104,17,29
958,130,18,28
958,133,20,31
949,104,20,30
942,77,20,33
940,64,18,32
945,43,18,32
948,52,17,30
942,54,18,31
933,44,17,28
934,48,15,29
930,36,16,31
925,28,16,27
921,53,18,31
922,66,18,27
917,57,17,32
920,77,16,29
916,82,17,31
908,62,17,31
904,44,18,33
902,35,18,28
907,47,18,30
913,64,17,29
906,59,20,31
887,66,19,30
889,83,19,32
887,93,20,32
892,99,19,33
885,80,19,32
874,78,19,32
875,74,19,31
880,93,17,33
881,89,18,33
877,80,17,32
874,81,17,34
871,97,17,30
880,99,17,32
877,79,19,32
880,86,18,32
883,104,17,34
878,106,17,34
872,111,18,33
873,94,17,37
870,77,19,32
859,83,21,20
863,89,18,21
867,76,17,21
0,0,0,0
854,52,19,21
855,53,18,31
853,63,19,27
858,88,13,17
845,74,18,23
846,57,18,24
844,54,21,29
847,76,19,27
847,81,19,35
832,52,20,31
827,33,20,26
833,42,18,22
836,60,19,20
831,65,18,20
829,51,18,22
0,0,0,0
0,0,0,0
0,0,0,0
822,143,17,25
818,121,17,34
818,102,18,34
814,102,18,36
812,108,18,33
805,118,16,31
796,104,18,33
789,87,18,34
780,96,18,34
786,116,20,36
789,135,19,33
781,136,18,32
777,137,18,33
768,120,22,31
759,116,21,31
771,127,22,34
778,133,19,35
777,160,19,36
781,199,19,35
782,198,20,33
779,182,19,34
774,168,18,33
770,196,17,36
783,235,19,32
773,249,22,29
760,233,20,31
756,195,19,32
757,184,18,30
752,204,17,35
753,231,18,31
750,209,20,37
745,191,18,34
747,215,18,34
743,232,19,33
732,244,21,32
725,233,20,32
730,182,19,38
725,176,21,35
706,203,20,34
705,218,19,28
704,192,18,34
698,167,17,32
698,179,18,31
697,209,19,31
694,218,21,31
691,202,18,32
693,189,17,30
692,197,20,29
685,199,21,31
681,196,19,31
680,192,20,31
671,183,18,29
670,185,19,26
677,178,19,30
675,165,17,29
668,138,18,31
661,120,19,32
661,134,19,30
