912,771,33,50
914,774,36,51
914,777,44,49
918,780,46,48
920,780,50,48
929,774,44,50
933,774,42,49
936,772,44,47
940,768,42,49
943,767,41,49
940,766,44,47
935,765,47,46
933,766,42,44
929,766,43,44
926,766,40,40
924,761,43,46
931,757,36,48
932,756,34,48
932,747,32,47
930,731,29,53
919,708,32,71
920,699,28,65
907,696,36,59
902,703,39,49
901,705,33,48
899,707,36,47
896,709,48,44
906,708,43,46
923,716,33,48
926,717,33,51
925,710,27,57
921,708,25,50
903,703,39,52
901,698,36,50
909,680,40,62
923,676,25,62
923,687,26,53
922,686,29,55
923,686,29,56
925,686,27,55
920,685,30,53
921,686,26,53
921,687,26,52
921,688,25,54
919,692,28,53
919,696,29,49
918,701,29,51
919,705,31,49
920,709,34,54
919,714,38,54
925,718,33,50
928,724,31,53
929,728,31,52
931,734,33,56
934,739,34,56
937,743,31,54
938,749,30,54
939,754,31,55
935,763,36,54
940,772,33,49
947,779,26,42
949,787,26,41
949,792,30,47
948,797,34,51
953,797,29,54
954,803,30,55
954,808,35,62
956,811,34,61
968,813,26,59
967,815,29,57
969,816,29,56
969,817,31,57
971,817,32,57
971,818,35,58
968,817,37,57
970,818,35,56
970,818,36,56
969,817,36,56
971,817,35,56
970,815,34,59
968,815,35,60
971,813,27,59
968,810,32,60
968,806,29,59
965,806,34,58
966,803,33,63
963,796,33,62
950,792,39,54
950,791,41,50
962,783,41,57
975,777,36,60
980,779,28,56
978,777,30,56
980,775,28,57
980,768,30,62
977,757,33,69
976,762,31,67
976,761,31,68
976,768,29,62
973,775,29,55
969,774,30,58
967,773,30,58
966,769,28,59
965,763,26,58
959,759,27,56
955,756,27,55
952,752,27,59
948,749,26,59
947,738,25,67
945,734,28,70
945,743,26,62
943,746,27,57
940,750,28,56
939,754,28,55
939,754,31,59
939,755,29,58
938,757,31,57
936,759,33,59
931,761,37,58
929,762,33,58
929,762,30,58
928,759,28,57
927,755,30,61
926,750,32,61
926,760,28,53
926,758,32,56
927,758,32,56
921,758,31,57
921,756,30,58
918,756,32,56
918,753,32,58
920,753,31,59
917,753,32,62
918,755,32,62
920,758,31,61
925,761,29,57
928,765,29,55
929,764,29,57
931,763,29,57
929,762,36,58
934,763,34,58
938,765,29,58
934,765,33,58
931,765,36,56
926,764,37,57
928,763,32,57
928,763,31,57
928,762,29,58
927,751,32,65
928,754,32,63
929,763,30,55
927,763,32,54
919,762,38,56
916,765,37,54
914,761,32,56
912,761,29,55
907,758,28,57
896,760,34,55
894,759,33,58
894,761,32,58
896,764,30,61
895,765,36,60
900,766,33,61
901,767,31,59
897,768,35,58
891,767,38,58
890,766,35,59
891,765,31,56
891,763,29,56
889,756,33,63
889,753,33,64
891,764,29,55
891,763,31,56
891,764,32,54
889,763,30,55
891,764,28,54
891,764,27,54
890,764,30,55
891,762,32,57
888,760,33,57
891,760,28,57
891,760,29,57
889,759,34,55
890,758,35,54
891,755,34,58
891,754,32,56
892,749,30,56
892,747,30,56
891,746,30,54
888,747,33,56
886,745,31,56
882,744,33,57
875,746,44,57
885,748,36,55
886,747,37,55
891,749,38,55
902,749,33,57
906,751,32,59
909,752,30,58
914,755,33,60
917,757,35,59
917,763,44,58
924,765,37,56
934,766,30,55
939,771,27,56
937,774,29,57
936,775,30,57
932,778,35,58
936,781,30,64
937,785,36,62
939,787,43,60
939,793,37,57
937,796,49,61
959,797,38,59
970,803,33,58
970,807,43,56
973,812,51,52
979,817,46,50
983,814,46,54
986,808,43,58
987,803,41,61
986,801,31,60
987,800,27,61
983,794,29,60
983,789,29,58
973,785,35,58
968,783,35,58
966,782,33,54
965,780,31,53
965,763,33,66
964,764,33,62
963,775,31,53
964,776,36,52
961,776,36,52
960,776,29,53
962,776,29,53
955,772,32,56
955,771,28,55
944,772,32,54
937,774,34,55
934,774,30,52
922,770,32,55
920,772,31,59
915,777,33,57
915,776,31,58
916,776,28,56
909,777,30,57
904,783,32,54
898,787,32,51
884,782,39,57
878,773,39,62
878,768,30,59
867,769,37,55
866,768,35,56
868,766,32,59
866,753,36,65
867,752,33,68
866,756,35,64
867,765,32,57
863,764,37,59
861,760,34,59
859,759,33,55
859,756,33,57
855,757,35,55
856,756,33,60
856,759,32,60
856,761,36,62
857,763,35,61
860,763,34,61
859,763,36,61
858,762,35,61
855,760,36,58
860,758,30,56
859,756,32,57
861,747,33,65
863,749,31,64
861,749,34,63
860,757,32,56
853,754,36,61
855,751,31,60
849,751,32,55
848,746,29,59
844,744,30,59
839,740,33,57
833,738,36,57
831,733,31,58
830,729,29,57
829,728,29,57
826,724,30,54
821,720,31,57
819,718,30,57
815,714,31,56
813,711,33,56
814,708,31,56
810,705,33,52
808,703,33,55
808,701,31,56
807,697,31,55
808,695,29,56
809,694,28,55
806,692,31,51
802,692,34,52
801,690,33,53
802,688,32,55
802,691,33,52
801,695,34,48
798,696,36,44
790,696,40,43
789,696,35,48
788,696,31,49
787,697,29,51
785,699,29,53
782,699,30,53
776,700,33,57
773,703,31,55
771,705,31,54
762,705,36,52
757,705,36,52
757,706,36,51
756,708,35,52
756,707,33,53
753,706,35,53
756,704,32,55
758,703,31,54
758,701,35,56
758,701,33,55
759,694,40,63
764,695,33,63
765,697,35,62
764,701,37,57
765,701,30,56
762,703,32,53
763,701,32,57
763,702,35,54
763,702,34,55
765,703,32,56
767,702,32,56
770,702,30,54
770,701,30,55
772,700,30,56
771,699,31,55
775,697,27,57
774,698,29,56
773,699,31,55
776,699,32,55
779,700,31,54
787,701,27,53
786,700,32,55
789,700,33,53
798,695,28,57
801,696,27,55
803,694,28,56
803,692,27,57
800,676,29,73
800,679,29,65
800,683,26,59
793,685,31,52
784,687,35,51
783,688,29,52
781,690,27,52
776,693,29,51
773,695,28,51
762,696,34,52
759,699,30,51
759,703,27,53
753,706,30,53
751,708,29,52
745,711,33,54
742,713,34,53
740,711,34,54
739,712,32,53
740,711,31,55
739,709,33,55
742,707,30,55
742,708,31,54
743,707,32,53
745,696,38,67
745,700,35,65
744,701,39,64
746,701,36,64
746,700,35,63
746,701,37,61
745,701,39,63
744,704,41,59
746,707,36,57
743,706,33,58
744,706,34,55
746,705,32,53
751,705,34,53
753,704,32,54
757,702,26,56
758,701,27,56
758,697,27,57
758,696,26,56
759,696,25,57
758,695,28,57
759,692,31,60
763,692,31,56
765,690,28,56
766,686,30,59
769,685,28,55
769,684,32,55
774,681,27,55
776,679,30,55
780,676,29,57
783,673,27,52
785,672,27,54
783,670,33,55
793,668,29,53
794,666,31,56
799,665,29,53
801,662,29,52
800,658,33,54
806,657,31,50
809,655,30,51
809,655,32,53
809,658,33,48
807,659,35,44
805,660,36,43
806,660,35,42
806,660,36,42
805,658,36,44
808,656,31,47
807,655,29,48
806,655,28,49
805,655,26,49
804,654,26,53
804,656,27,52
