768,308,29,49
765,334,31,49
769,323,28,50
772,343,28,53
772,332,28,52
776,350,27,50
775,344,26,49
775,349,30,55
773,357,33,52
777,354,28,53
778,363,28,51
776,356,29,54
775,372,30,53
775,360,31,55
776,377,29,52
773,368,29,53
773,380,26,51
768,378,32,55
765,381,33,52
763,384,29,58
761,383,27,55
756,387,30,55
753,388,34,52
752,396,33,54
748,396,31,56
747,399,28,56
745,405,28,56
740,404,33,55
739,413,29,52
730,409,30,60
727,423,29,58
723,418,30,59
717,427,34,57
715,432,27,56
706,431,29,57
702,437,29,56
696,433,32,54
689,446,37,52
686,439,30,54
679,446,31,59
677,447,30,57
675,454,32,56
672,459,32,53
671,461,26,51
664,465,29,56
660,465,27,57
657,470,31,60
653,475,32,55
651,476,30,57
645,486,31,59
643,483,30,56
641,495,32,58
638,496,33,58
640,504,28,57
637,503,28,58
634,515,31,54
632,513,34,56
631,527,32,54
630,525,30,57
628,532,30,56
626,538,32,58
625,540,37,61
627,548,34,57
628,546,30,58
625,565,32,55
627,558,31,60
627,576,34,62
628,574,32,62
626,584,33,59
629,590,34,58
631,595,33,65
632,600,37,65
634,611,33,64
635,611,34,60
637,618,34,58
642,624,33,66
644,632,33,60
645,631,34,61
646,642,34,63
651,643,33,57
652,649,35,64
654,656,36,63
660,658,33,60
663,669,34,63
670,666,31,62
674,680,33,64
676,679,35,64
685,689,36,60
687,692,40,69
696,699,35,60
697,701,43,68
705,706,41,65
714,710,39,69
721,718,40,68
735,719,35,63
735,719,42,69
747,724,38,66
755,729,42,69
761,734,39,67
771,736,38,67
771,734,46,67
784,737,41,68
794,735,41,70
801,737,40,68
817,730,33,72
821,732,38,71
832,727,36,70
839,722,34,68
843,721,39,68
855,712,36,69
855,707,41,70
865,702,37,74
873,699,33,69
875,695,37,68
879,693,41,68
886,691,40,69
890,686,42,69
903,684,36,70
905,681,40,67
910,681,45,65
928,679,34,68
927,676,42,69
939,672,36,66
944,669,38,68
947,671,46,66
962,665,33,62
966,668,25,63
992,661,19,55
989,657,27,68
986,661,38,65
997,658,37,64
1002,659,40,69
1008,659,42,66
1020,660,37,67
1020,662,42,66
1034,662,41,63
1044,662,39,67
1050,657,40,68
1060,657,36,69
1062,657,43,64
1072,658,40,69
1087,656,33,68
1088,654,38,69
1102,652,31,69
1104,648,34,67
1104,650,39,66
1117,644,36,67
1120,644,43,68
1123,634,36,73
1128,636,32,69
1128,625,38,71
1134,629,39,68
1135,618,38,74
1140,616,33,71
1140,609,34,67
1144,608,32,64
1142,601,37,64
1141,598,36,63
1140,592,34,62
1138,590,33,66
1137,583,31,63
1128,578,33,62
1123,576,32,62
1121,572,32,65
1115,566,31,68
1106,562,31,61
1094,560,35,61
1088,557,36,61
1088,554,28,63
1073,552,35,64
1068,545,31,64
1060,548,31,63
1050,544,37,62
1049,542,27,60
1030,540,39,61
1030,536,31,63
1019,534,33,65
1010,535,36,62
1009,531,29,64
995,528,36,69
993,525,31,64
981,523,39,65
978,521,37,65
975,516,37,66
972,515,37,61
970,510,33,66
967,510,32,63
958,504,37,64
957,505,33,62
953,496,32,66
950,497,33,68
948,488,31,66
941,488,34,64
940,485,28,63
938,475,29,67
933,479,29,62
928,467,33,61
926,471,33,64
926,460,32,63
923,461,31,64
922,460,32,60
919,455,34,59
917,452,31,59
915,445,31,59
915,446,29,60
912,434,32,65
909,436,34,61
907,428,32,58
908,426,29,58
908,423,27,56
905,419,30,57
902,416,32,60
901,412,29,56
898,406,29,63
898,395,32,64
895,400,32,61
895,394,31,59
897,396,29,60
899,390,31,57
900,384,30,57
900,383,31,59
900,375,33,60
903,377,32,61
903,373,37,58
908,377,38,59
918,368,33,57
920,376,34,56
933,365,29,57
930,375,35,56
940,368,34,54
945,375,37,55
949,365,36,54
963,372,30,57
964,366,34,56
975,375,34,52
983,373,31,54
986,372,36,56
997,372,31,57
998,376,35,55
1008,383,33,54
1017,378,34,54
1019,383,37,56
1034,383,32,53
1035,388,34,59
1042,390,34,54
1051,391,31,53
1051,402,36,55
1065,400,31,52
1067,404,33,57
1078,412,33,52
