1036,2,36,51
1034,5,38,52
1036,7,31,52
1017,11,42,57
1018,10,35,60
1011,13,41,54
1005,21,38,49
1001,18,40,56
999,28,42,47
988,25,44,53
982,33,45,57
984,30,34,55
973,35,41,57
973,42,43,59
973,46,41,49
957,52,47,54
954,58,49,51
956,55,44,59
958,64,39,56
957,69,41,56
952,68,38,57
940,77,46,56
942,82,42,57
932,82,43,57
932,92,37,53
929,95,39,56
924,98,38,53
916,104,47,59
913,112,44,50
913,110,35,61
907,114,35,62
904,124,37,56
901,127,35,46
890,132,45,57
884,136,45,53
886,141,37,57
879,146,40,57
881,151,35,55
873,151,35,54
862,158,42,56
865,163,34,49
866,164,34,50
858,175,37,56
862,183,34,54
854,184,37,51
846,190,42,55
841,190,42,49
842,196,33,55
836,195,38,60
827,202,40,58
824,208,38,53
809,215,48,51
805,217,44,48
806,220,42,50
800,224,47,53
796,230,37,55
793,233,44,51
783,238,47,47
777,243,43,49
779,244,36,55
777,246,33,60
774,256,35,55
769,254,38,55
757,261,46,54
763,270,34,46
755,268,39,59
757,279,32,56
749,274,41,66
752,291,32,54
739,293,42,61
738,297,39,61
738,298,37,55
738,303,31,52
738,304,36,54
735,304,38,59
733,312,41,49
737,308,35,58
732,308,39,50
731,311,42,45
733,312,35,49
728,312,40,51
728,314,39,47
728,309,38,50
730,313,38,49
727,310,39,53
729,308,37,53
729,312,37,50
726,309,42,56
728,312,38,49
724,313,39,48
725,313,38,51
725,310,36,48
725,308,35,55
722,310,38,60
723,306,38,59
726,311,40,54
728,310,36,51
728,308,39,51
729,310,36,50
729,310,33,51
723,310,42,53
728,316,40,47
725,302,40,61
725,310,38,53
724,313,40,52
725,306,35,57
730,312,38,63
728,308,36,54
724,306,41,55
727,315,39,52
728,312,36,49
728,310,37,48
729,308,39,54
728,308,38,52
731,312,39,45
732,315,36,44
730,311,36,48
733,310,35,45
730,309,38,48
729,312,39,53
729,307,39,52
729,312,39,49
729,312,38,45
727,310,40,48
729,310,37,47
730,310,43,54
725,311,40,46
730,310,38,47
728,312,37,47
727,308,38,51
727,312,38,46
726,312,36,44
722,312,39,45
727,310,40,45
723,313,40,50
727,309,36,45
729,310,32,49
731,311,31,46
729,307,37,50
730,312,34,43
730,312,39,45
737,307,30,48
730,310,34,48
734,311,32,45
734,311,38,48
734,308,36,49
734,308,37,51
731,312,38,45
731,312,40,48
730,312,39,46
730,312,42,46
733,312,37,44
733,312,34,44
729,311,39,44
729,311,42,44
733,312,36,41
733,310,36,44
733,308,36,49
734,311,40,48
734,306,38,51
735,309,42,46
737,303,35,52
737,303,37,51
735,309,39,52
735,302,37,57
735,302,39,60
734,306,38,54
734,306,40,49
734,309,38,44
734,309,35,45
734,310,38,46
734,310,41,49
729,308,44,49
729,308,41,43
736,306,40,53
735,308,39,49
736,308,37,45
736,308,36,47
735,310,39,43
735,310,40,48
733,308,40,48
733,308,37,58
733,310,38,50
733,310,46,52
729,307,48,53
729,307,46,52
730,308,43,49
730,308,40,49
728,310,40,45
728,310,40,49
729,306,37,51
729,306,37,52
730,313,34,43
730,313,37,46
725,310,40,47
725,310,47,49
727,306,43,51
727,306,43,51
728,307,40,48
728,307,43,48
727,309,42,44
727,309,45,50
726,312,44,45
726,312,46,51
729,308,41,53
729,308,46,57
732,305,41,58
732,305,43,59
728,309,45,53
728,309,42,48
731,312,37,43
731,312,37,47
729,310,37,47
729,310,36,51
728,313,35,46
728,313,36,46
724,312,38,45
724,312,45,46
724,313,43,43
728,314,38,43
728,312,37,45
728,312,39,50
726,316,39,44
727,305,48,55
727,305,41,54
726,308,40,49
726,308,43,53
728,313,39,46
728,313,38,44
727,312,37,43
730,308,38,52
731,306,35,52
731,306,37,55
730,311,36,48
730,311,37,48
725,313,40,44
728,308,39,55
728,310,37,51
728,310,41,56
731,308,36,56
731,308,34,52
727,305,36,53
727,305,43,56
725,309,43,50
725,309,46,54
724,306,45,55
724,306,44,61
724,308,42,57
724,308,50,53
730,312,42,47
730,312,42,48
731,310,39,48
731,310,38,49
728,312,39,45
728,312,41,45
733,312,34,43
733,312,39,47
736,305,34,52
736,305,37,47
730,310,41,40
730,310,45,46
726,309,47,45
726,309,49,49
731,310,42,46
731,310,41,49
738,314,32,43
733,312,42,43
733,312,40,43
730,309,41,44
730,309,42,46
726,308,44,45
726,308,47,51
728,309,43,48
728,309,50,50
724,306,52,51
724,306,54,53
732,310,44,47
732,310,43,47
729,309,44,46
729,309,40,46
729,310,38,43
729,310,40,48
728,310,39,46
728,310,38,47
730,309,34,46
730,309,38,46
729,313,37,40
729,313,39,45
726,306,40,50
726,306,38,52
728,308,34,48
728,308,39,53
729,309,36,50
728,310,36,43
728,310,43,49
729,302,40,55
729,302,35,57
720,310,42,47
720,310,50,51
727,310,41,49
727,310,41,60
726,295,41,70
726,295,43,70
728,302,39,61
728,302,43,60
727,314,42,46
727,314,43,45
732,302,36,55
732,302,36,56
731,307,35,49
731,307,42,49
734,308,37,46
734,308,38,57
731,304,39,59
731,304,42,56
730,312,41,46
730,312,39,50
733,306,34,54
733,306,42,57
730,307,43,54
730,307,43,53
728,311,43,47
728,311,44,47
731,307,39,49
731,307,45,53
732,306,42,52
732,306,41,50
730,309,41,45
730,309,42,46
730,312,40,41
730,312,42,50
726,309,44,51
738,305,29,54
738,305,32,50
735,304,33,49
735,304,33,49
724,298,42,53
724,298,44,61
724,306,44,47
726,310,40,41
726,310,41,45
727,300,38,53
727,300,45,58
729,310,41,46
729,310,43,50
726,304,46,52
726,316,44,38
719,306,54,47
719,306,53,53
729,306,41,51
729,306,46,54
736,308,37,50
736,308,36,49
730,307,40,48
730,307,41,52
731,310,38,47
731,310,43,46
734,310,38,44
734,310,41,49
730,308,43,49
733,310,36,45
732,315,35,37
732,315,39,40
734,313,35,40
730,307,37,50
726,309,39,46
727,309,41,48
725,310,41,44
729,308,44,43
729,306,41,52
729,306,39,48
729,308,39,44
729,308,37,46
723,305,44,54
725,306,39,56
723,308,41,49
723,308,43,51
725,307,39,50
725,307,40,51
728,311,37,46
728,311,40,46
726,308,40,47
726,308,37,52
719,309,42,49
714,308,38,50
721,308,34,49
721,307,34,46
721,307,37,52
719,313,37,44
719,313,34,53
712,317,42,49
704,320,43,46
704,320,41,45
699,318,45,53
692,324,39,46
692,321,40,50
694,330,40,50
694,339,42,48
691,341,41,48
688,368,43,47
671,344,41,48
687,343,40,47
671,358,37,41
677,352,43,52
668,359,34,53
669,361,37,49
660,365,41,58
657,374,44,57
655,383,43,47
659,384,38,52
653,387,38,60
653,397,39,51
646,398,40,58
644,408,44,54
644,409,38,57
632,418,37,59
622,421,37,65
621,432,40,52
608,435,43,59
604,439,42,62
597,449,40,55
594,455,34,55
578,467,37,52
576,467,34,55
559,476,44,58
557,481,40,55
558,490,34,50
557,493,33,52
553,503,36,46
537,510,46,48
539,522,39,44
533,525,40,51
535,539,35,53
536,541,34,56
537,556,40,50
