281,147,25,51
281,145,25,51
280,148,27,51
281,144,25,50
279,144,24,50
279,139,25,50
276,136,26,50
273,135,25,50
271,131,25,51
269,134,27,51
267,129,28,56
265,126,26,49
264,124,27,52
264,124,28,49
265,119,27,45
266,126,27,47
268,115,25,43
269,119,22,44
272,105,24,48
276,124,22,48
283,113,23,46
284,110,24,46
291,122,22,44
291,100,23,45
297,113,23,45
302,122,22,43
305,107,22,41
311,110,22,44
316,117,25,45
321,98,22,45
325,112,24,45
332,100,22,44
336,107,22,45
344,104,20,46
343,99,24,43
352,105,21,45
354,98,23,46
357,101,24,45
363,98,21,43
365,100,26,44
373,105,21,43
376,102,21,46
378,101,22,42
379,105,23,43
378,103,25,44
377,104,26,43
378,106,25,40
379,105,24,42
378,109,27,40
379,107,24,41
377,111,24,43
376,114,25,43
375,112,24,43
373,115,25,44
373,111,24,45
371,115,26,48
370,113,25,45
369,116,23,44
369,117,25,42
370,122,23,42
370,127,23,31
370,137,23,25
371,136,23,27
370,137,23,26
370,136,23,26
370,133,23,25
371,141,23,25
371,136,23,23
371,138,22,23
372,142,23,26
370,136,25,25
371,134,23,24
370,140,23,24
370,134,23,24
372,135,22,25
371,134,25,29
370,136,26,30
371,132,26,28
373,132,25,28
372,131,29,31
376,135,27,28
376,141,28,27
378,136,28,28
379,139,29,29
382,129,29,31
382,136,28,31
384,132,32,31
387,132,28,30
388,133,29,31
389,136,28,31
391,129,29,32
394,135,30,32
395,134,30,33
398,134,30,33
397,132,30,33
401,136,28,32
402,132,28,33
403,133,28,32
405,129,30,36
407,134,28,36
412,128,25,33
415,131,21,35
415,128,26,35
416,122,28,35
418,122,23,37
419,126,23,36
418,118,26,37
421,122,23,38
420,119,25,39
423,124,24,38
423,113,26,38
424,121,26,38
423,120,24,38
426,116,23,37
426,110,22,36
426,121,23,35
427,116,23,37
426,121,23,35
431,119,24,37
429,105,22,37
432,122,25,38
433,104,22,34
436,116,26,34
439,100,25,37
441,105,23,31
444,98,23,35
443,98,23,37
447,110,26,33
447,97,25,33
451,115,24,33
454,96,29,36
463,111,26,35
469,98,25,35
469,108,31,33
480,110,26,36
480,93,30,37
489,105,28,34
492,92,28,37
500,90,27,37
504,89,26,36
510,96,23,35
515,92,27,32
518,94,27,38
524,94,26,39
529,86,26,40
535,104,30,39
542,82,30,41
544,99,33,43
552,96,31,40
561,93,29,36
567,96,27,36
572,97,29,37
575,99,27,36
583,101,26,34
590,99,23,35
597,94,26,35
599,104,30,35
606,89,30,36
608,98,28,35
615,90,28,34
617,93,27,36
622,87,26,37
623,90,28,37
623,93,33,37
625,95,33,33
632,97,28,36
636,99,27,34
634,99,31,32
642,97,27,32
646,96,25,31
648,98,28,31
652,96,26,31
654,92,25,32
660,98,25,32
660,93,25,32
664,90,25,37
664,94,25,37
669,89,26,36
669,96,23,36
669,90,23,39
670,89,22,37
672,83,23,40
677,84,24,37
676,86,23,38
682,84,22,37
682,81,23,36
685,85,22,37
685,76,23,37
689,85,24,34
691,77,26,31
691,85,27,33
695,84,25,34
700,84,29,32
704,91,27,30
709,76,25,28
708,96,28,31
711,76,27,30
718,87,24,28
719,73,26,29
725,88,25,29
728,72,27,34
729,86,27,30
735,76,28,33
738,80,27,35
744,74,26,37
743,75,28,35
751,78,27,35
753,72,28,34
759,82,30,33
762,76,31,31
767,86,29,31
769,79,31,32
771,83,29,33
772,80,29,34
774,89,29,33
775,90,31,35
779,84,28,33
781,95,27,34
784,87,28,31
788,91,28,32
791,93,32,35
801,83,29,30
799,114,31,34
801,86,31,34
803,115,32,33
808,92,35,41
812,106,29,35
814,96,28,32
819,102,28,35
818,102,30,31
824,100,29,35
822,102,31,34
827,95,33,35
831,98,28,33
834,109,29,30
839,99,26,30
842,98,28,34
843,102,29,31
847,97,32,32
849,103,31,32
856,88,28,30
857,99,28,29
865,87,31,33
871,95,29,30
872,98,30,29
872,99,29,27
873,102,31,29
877,101,30,27
881,100,31,28
884,101,28,28
889,104,26,25
890,105,27,25
891,101,27,27
895,110,26,27
900,102,27,29
906,111,23,26
907,107,25,34
909,107,24,33
911,112,26,30
913,104,28,34
917,113,27,31
919,108,27,33
924,112,26,33
926,113,27,28
929,110,27,33
932,115,26,30
936,113,25,30
941,114,25,30
941,111,28,31
935,126,29,30
935,126,27,34
944,104,27,35
944,123,27,39
948,100,29,40
949,122,29,41
953,104,28,42
957,117,28,44
962,113,27,41
964,118,29,43
968,113,30,44
976,120,28,43
977,121,30,45
983,120,29,42
988,128,27,44
996,122,24,41
995,133,29,46
1003,127,28,46
1009,134,26,46
1014,134,28,46
1020,141,25,44
1022,136,28,45
1026,140,32,45
1034,139,26,43
1033,142,30,47
1041,138,28,43
1047,143,27,43
1043,150,35,45
1059,147,27,44
1059,152,32,46
1066,146,32,46
1075,157,27,47
1081,148,28,51
1085,162,26,46
1093,160,27,45
1096,159,30,48
1103,161,26,46
1110,162,25,48
1112,160,28,46
1112,167,30,48
1122,172,25,46
1135,168,23,47
1136,169,24,45
1138,177,25,43
1140,163,29,47
1147,191,28,45
1149,177,30,45
1154,187,29,43
1164,189,29,44
1163,182,34,47
