1012,822,45,73
1014,826,43,70
1017,820,43,69
1011,813,44,70
1000,803,42,71
993,794,43,70
991,777,43,69
992,760,42,68
989,740,42,70
990,719,43,69
983,738,43,70
972,710,43,70
970,689,43,69
969,673,43,68
961,672,42,69
947,680,41,68
948,671,43,69
953,676,42,69
944,641,42,68
947,623,41,69
952,664,41,68
941,651,41,68
940,622,41,69
936,624,41,67
931,630,39,65
927,678,41,67
927,714,41,67
932,696,41,69
931,652,40,68
919,643,40,66
924,640,41,68
936,661,43,68
920,659,41,67
909,688,41,64
917,702,41,68
924,712,42,69
942,714,40,68
940,707,41,68
931,729,41,69
933,728,42,69
936,747,42,70
930,764,42,69
924,734,43,69
936,737,43,69
937,762,42,70
926,781,41,68
916,775,42,69
913,759,41,70
916,763,43,70
924,772,43,71
925,786,44,70
928,782,42,70
925,783,43,71
924,809,44,70
921,787,43,70
926,781,43,71
936,784,44,70
934,789,42,72
922,804,44,70
914,791,45,69
921,781,43,71
917,780,43,71
915,772,44,70
914,779,43,71
914,781,42,70
918,785,43,70
922,798,43,70
922,791,43,70
923,781,43,69
922,771,43,70
921,770,42,70
920,766,42,69
919,749,42,69
917,755,43,68
915,755,42,69
916,723,43,70
918,736,41,68
912,745,43,69
912,752,43,69
919,761,42,69
916,755,43,69
916,752,42,69
921,747,42,68
922,748,41,69
918,756,42,68
916,749,41,69
926,762,40,68
930,783,42,69
921,782,42,68
930,793,42,69
929,770,41,70
924,761,41,71
922,753,42,69
935,776,42,70
935,807,42,69
931,797,43,69
936,779,42,69
933,795,43,69
929,816,42,69
929,800,43,68
938,804,41,68
