513,484,22,46
513,485,24,47
514,489,24,44
513,488,25,43
516,487,23,44
520,486,21,44
521,485,22,45
522,486,21,45
522,486,22,45
523,484,22,46
525,483,19,45
524,483,23,43
525,482,23,45
527,483,23,45
527,483,25,42
532,483,21,43
532,482,22,43
533,482,23,43
534,481,24,45
535,480,24,45
541,479,20,45
541,477,22,45
541,478,21,45
542,481,22,44
542,480,21,45
543,479,20,47
543,479,20,46
544,481,20,44
545,482,18,45
544,481,19,45
544,480,20,46
544,479,19,46
545,480,20,46
546,482,19,44
543,481,22,44
545,479,20,47
545,478,20,46
545,480,21,46
545,480,20,47
545,480,20,46
545,480,21,47
545,480,20,46
544,480,22,44
545,479,21,46
545,481,21,44
545,481,22,45
545,480,22,45
545,480,22,46
545,480,22,45
545,480,23,44
544,480,23,45
544,479,22,46
545,479,22,47
544,479,23,46
544,481,21,45
546,481,20,46
545,481,21,45
545,480,20,46
545,479,19,46
545,479,20,47
546,480,19,46
544,480,21,45
545,481,20,44
545,481,21,45
546,480,20,45
545,479,20,46
544,480,22,46
545,480,20,45
545,479,21,46
544,480,21,46
545,480,21,45
543,481,22,46
544,480,21,47
544,480,19,45
544,480,21,46
542,481,23,45
543,481,22,46
544,481,22,45
544,481,21,46
544,480,21,44
544,480,21,46
544,481,22,45
545,480,19,46
544,480,21,46
545,481,21,45
545,481,21,45
544,480,21,47
546,480,19,45
544,480,21,45
545,481,20,45
544,481,21,46
545,480,18,46
545,480,19,45
545,479,20,46
544,481,19,46
544,481,20,45
544,480,20,46
545,480,21,46
545,480,20,45
545,479,21,46
543,480,22,46
545,481,20,45
544,479,21,47
544,480,21,45
544,480,21,45
545,480,20,43
544,481,21,44
544,481,22,45
543,479,23,46
544,478,22,48
546,478,21,49
545,478,23,46
547,478,23,45
547,479,23,45
547,479,25,45
551,479,24,43
554,477,24,45
556,478,23,43
557,477,24,44
559,477,26,44
564,476,21,45
564,475,22,45
564,476,23,44
565,476,23,44
566,475,23,44
567,474,24,45
569,474,23,45
571,474,23,45
572,473,22,46
573,471,20,45
574,470,20,44
573,468,21,44
575,468,20,45
575,469,22,43
577,466,20,43
577,465,21,45
578,463,21,46
578,462,22,46
577,461,25,46
577,461,25,43
579,461,23,44
577,460,30,44
578,459,31,43
577,458,35,44
576,459,35,44
575,457,37,47
576,457,37,45
574,456,37,45
575,455,33,44
578,455,30,45
579,456,28,45
580,457,25,44
582,457,24,43
582,457,23,44
582,457,23,44
581,457,26,45
578,457,26,43
578,457,28,44
578,456,28,45
579,457,26,44
579,456,28,45
578,457,27,44
577,456,27,45
579,457,25,44
578,456,27,45
579,457,24,44
578,457,26,44
579,457,24,44
579,456,26,44
578,457,26,45
578,457,31,44
579,458,31,45
577,456,30,45
578,457,26,43
578,458,25,43
578,458,26,43
580,458,24,43
579,458,25,43
580,458,23,43
579,457,24,43
579,458,24,43
580,458,24,44
580,457,22,44
580,457,22,43
580,456,22,44
582,456,20,43
584,457,19,43
583,457,20,43
582,457,22,44
582,457,22,44
583,458,22,44
583,456,21,44
582,455,23,43
584,456,21,43
583,456,23,43
583,456,22,44
583,457,22,45
583,457,22,43
584,456,21,45
583,457,23,45
583,456,21,45
583,457,22,44
582,456,23,44
583,455,21,45
583,457,21,43
584,456,20,45
583,456,22,45
584,456,20,45
583,456,21,44
583,456,21,44
583,456,21,44
582,457,22,44
583,457,21,44
583,458,20,43
583,457,20,43
582,457,21,43
583,458,20,42
583,457,20,44
583,457,20,44
582,457,22,44
581,457,21,44
582,458,19,43
581,458,20,43
580,458,19,42
573,457,24,45
572,457,23,44
570,457,23,45
569,456,22,44
569,456,22,46
567,458,23,45
565,459,22,45
566,460,20,42
565,461,20,43
559,460,24,44
557,461,24,44
555,460,23,46
554,461,21,44
548,462,24,45
545,462,25,45
544,461,21,45
539,462,23,45
534,463,25,45
535,464,21,44
534,465,18,44
526,466,24,45
525,465,22,47
523,466,21,44
515,466,24,45
511,467,26,44
511,468,22,44
506,468,21,45
499,467,25,45
497,468,25,44
495,469,21,45
485,469,27,44
483,470,28,43
484,469,19,44
475,470,25,45
473,471,25,44
472,470,20,46
463,471,25,45
460,472,26,44
459,471,22,44
452,471,23,45
447,471,27,43
446,470,26,43
444,471,20,44
436,471,25,44
433,469,26,46
433,468,19,45
422,468,25,45
422,469,24,45
421,470,21,43
416,467,22,46
411,468,24,46
411,465,23,47
408,465,21,45
402,465,23,45
401,464,24,45
399,463,23,46
396,463,21,44
388,462,26,45
386,463,26,44
383,462,24,45
376,463,23,45
372,465,26,45
371,465,20,45
366,467,21,43
362,467,22,43
357,466,20,39
348,467,24,46
347,468,22,46
344,468,20,43
334,469,26,45
331,467,28,47
329,464,22,49
325,462,23,51
321,465,27,49
317,468,27,46
318,469,20,44
307,470,27,43
306,468,27,45
304,468,22,45
298,468,22,47
292,468,26,46
292,469,22,46
288,469,20,46
277,471,29,44
276,469,26,46
274,468,21,46
265,471,26,45
262,472,27,46
260,472,23,46
253,471,24,45
248,471,28,46
246,470,24,46
243,472,24,47
237,473,25,47
234,473,25,46
232,474,21,46
224,475,25,46
222,475,25,47
220,474,21,47
212,476,25,46
209,476,26,47
207,477,24,46
204,477,21,46
195,478,27,45
194,478,25,45
193,477,22,47
186,478,23,47
180,479,28,46
179,481,25,46
176,480,23,46
166,481,27,44
165,481,26,47
163,481,23,46
156,481,25,47
149,482,29,46
149,483,24,46
144,484,22,45
137,484,26,45
134,484,27,47
132,483,21,47
123,482,27,48
122,485,26,46
120,485,21,45
114,485,22,45
108,484,27,46
105,485,22,45
100,486,21,46
94,486,27,46
92,487,24,44
88,486,22,46
83,487,24,46
81,487,25,46
78,488,21,45
71,488,23,47
69,490,25,46
65,491,26,44
64,491,22,45
59,493,24,45
56,493,25,47
52,494,25,45
49,493,22,47
44,495,25,48
42,496,23,47
39,497,22,46
33,496,26,47
30,498,25,46
28,498,24,47
23,499,23,47
18,500,25,47
15,501,25,46
10,502,25,46
8,502,22,46
3,503,27,46
