1032,198,41,52
1025,209,34,47
1017,205,39,52
1008,213,38,50
1001,211,37,52
993,217,37,49
984,218,38,50
980,221,36,49
970,226,35,49
962,227,38,48
953,230,37,49
946,230,40,48
937,236,36,46
928,233,41,50
922,239,35,46
913,240,40,48
907,240,34,48
899,244,39,48
892,242,36,47
886,245,37,48
879,243,36,47
873,246,36,49
866,248,39,47
860,246,35,48
855,248,36,47
848,245,34,48
842,249,39,47
836,246,35,46
832,248,35,46
827,248,31,45
821,247,36,47
816,247,36,47
811,247,33,48
807,246,33,45
802,246,33,49
797,247,37,46
794,245,31,47
790,245,32,46
785,243,33,48
781,242,37,44
777,245,32,47
772,239,32,46
769,238,31,48
765,242,35,45
762,235,29,48
760,239,28,47
754,232,32,48
749,238,37,44
746,231,32,46
743,236,32,46
740,228,33,46
735,236,36,43
732,227,31,45
728,226,33,44
724,227,32,46
717,227,38,43
713,225,34,44
710,224,35,44
705,227,33,44
701,224,37,45
697,230,36,44
694,226,33,43
690,226,34,43
686,227,34,44
682,227,36,43
677,229,32,44
674,230,34,42
669,229,34,43
666,227,34,44
661,230,35,42
657,231,37,42
651,230,38,41
646,232,36,42
641,231,36,46
636,234,33,44
633,230,34,43
627,235,35,42
625,232,33,45
619,238,36,44
616,235,31,42
612,240,34,43
606,239,34,41
602,243,33,45
595,241,36,42
591,245,33,42
585,248,36,43
581,244,32,42
573,251,36,46
571,247,32,43
566,254,33,42
563,248,30,44
559,254,30,45
552,251,35,44
546,255,32,42
544,254,31,43
537,258,30,41
531,256,34,42
524,258,33,42
521,260,31,39
513,261,34,41
507,264,32,40
501,266,34,40
494,266,32,39
489,270,32,38
482,269,31,39
477,273,33,39
469,273,32,39
463,277,35,39
458,278,30,38
451,281,33,40
445,281,29,40
441,286,33,40
436,289,28,38
431,293,30,40
426,295,26,39
420,300,32,41
414,303,31,42
410,305,29,42
405,307,29,40
401,313,30,42
397,315,31,41
391,320,29,41
383,323,34,40
376,328,32,38
372,331,34,41
365,337,32,39
360,340,35,42
355,345,33,39
349,348,37,42
344,351,35,38
339,357,35,42
335,359,34,40
328,366,37,40
323,366,38,39
318,373,33,42
314,377,32,41
308,379,36,42
303,385,37,41
299,388,34,39
295,392,34,42
290,394,33,40
286,399,34,41
282,401,36,40
279,406,32,38
275,410,31,36
269,414,35,42
265,419,38,39
261,421,36,43
257,428,34,38
251,428,35,42
248,433,37,43
245,437,32,41
241,441,32,43
236,444,35,40
232,448,37,40
228,449,33,38
225,453,33,41
223,453,32,39
218,458,33,41
215,459,36,40
214,464,29,40
213,465,28,39
210,468,32,38
208,472,33,42
205,470,32,42
204,476,31,43
203,474,30,41
201,480,32,43
199,479,32,42
200,482,31,44
201,482,30,43
200,487,31,46
200,489,31,44
199,489,31,45
201,494,30,45
201,495,30,42
201,499,30,45
202,500,29,44
202,503,31,45
204,505,30,44
205,510,29,43
207,509,30,45
207,516,30,44
210,516,32,49
211,519,32,47
213,523,30,50
218,524,27,49
220,527,31,50
224,525,32,51
228,530,29,51
232,527,31,49
236,531,29,48
241,527,34,52
245,531,31,51
249,530,32,51
253,528,29,50
257,533,32,49
263,528,31,49
265,530,29,51
270,523,33,52
274,525,30,51
278,523,31,52
282,522,35,50
286,523,31,52
292,516,34,50
297,518,33,51
301,512,32,52
308,512,32,55
313,507,28,53
317,508,34,54
322,502,32,54
325,504,29,52
331,502,33,54
334,499,30,52
337,499,34,51
338,501,34,47
343,497,34,49
345,500,34,48
347,500,31,48
346,501,33,50
343,504,35,47
341,505,36,46
339,508,34,45
338,510,35,46
334,510,37,45
332,515,38,49
328,518,41,47
324,520,40,45
322,526,38,47
318,526,38,45
314,531,41,49
310,533,44,47
305,539,45,45
304,540,44,50
300,544,46,45
296,544,46,50
294,544,42,50
291,545,40,56
288,547,41,54
285,551,39,50
283,551,40,51
279,558,42,49
276,556,41,49
272,564,44,47
268,565,42,44
264,570,42,44
259,575,46,44
255,575,45,44
252,580,43,47
246,579,42,47
240,583,45,48
236,583,39,47
230,584,42,51
225,584,44,51
219,582,38,52
217,581,37,53
216,577,34,50
213,578,36,52
211,574,37,50
211,575,32,50
212,571,30,48
209,567,32,50
207,565,34,49
207,560,34,51
208,558,31,50
208,553,31,50
208,551,32,50
208,547,35,48
209,544,35,52
209,541,33,50
209,537,34,49
208,536,34,49
208,529,32,52
210,530,30,49
207,524,32,47
206,521,33,48
206,518,31,46
206,514,29,47
205,509,28,46
203,506,30,47
201,502,32,46
202,499,29,48
202,491,29,48
203,492,30,45
203,486,32,47
202,484,36,49
205,479,31,49
205,479,31,48
205,474,31,50
209,470,28,48
212,468,30,50
215,464,29,48
216,461,31,49
219,459,29,50
223,455,32,48
226,454,30,46
227,450,29,46
229,446,30,46
232,447,29,43
234,444,31,45
235,439,30,46
237,438,28,42
239,435,31,42
242,430,30,45
244,426,28,46
244,423,30,43
245,419,30,45
249,415,28,42
251,412,29,43
253,410,30,43
255,404,31,45
258,402,31,45
259,398,31,44
262,396,31,45
265,392,31,46
268,388,29,47
272,387,26,43
274,383,29,45
276,379,27,43
281,375,29,45
284,370,28,46
287,368,29,46
290,362,29,46
294,360,29,46
300,354,28,47
303,353,26,46
308,346,28,46
309,346,28,46
312,342,32,46
317,338,28,46
318,335,28,43
322,336,27,43
322,328,29,42
323,330,29,44
324,323,29,41
324,325,28,43
324,319,29,43
326,320,29,45
328,313,27,44
328,314,30,42
329,309,30,41
330,308,30,45
331,304,30,43
330,300,27,40
332,297,26,40
332,294,27,36
334,292,27,36
334,291,27,36
335,289,26,40
336,288,26,41
336,286,27,40
336,282,27,39
337,284,27,37
338,279,27,38
339,281,28,37
340,275,26,38
340,273,26,40
340,272,26,39
342,272,24,37
342,267,26,38
343,267,26,40
341,264,26,36
342,264,26,37
342,262,27,37
341,260,29,40
341,258,28,41
339,258,28,39
339,257,28,40
337,254,27,41
337,253,30,41
336,249,29,39
335,249,29,39
337,247,24,39
336,244,27,40
336,244,27,40
336,242,28,41
337,238,26,41
339,237,26,38
340,235,25,41
339,233,26,40
340,235,25,40
341,229,25,39
343,233,25,37
341,228,27,39
338,229,30,38
338,225,34,40
338,225,29,38
338,222,31,39
333,222,36,37
336,221,32,37
335,221,28,36
336,219,26,36
333,220,29,36
331,219,32,36
330,218,34,36
328,218,31,37
326,219,32,36
321,220,31,35
319,219,31,35
316,221,29,35
311,219,32,36
311,222,24,33
309,224,25,29
303,226,24,30
300,226,27,32
298,228,27,36
297,230,30,33
297,231,28,32
297,231,27,38
293,231,30,39
297,228,26,37
298,232,28,38
299,230,29,37
306,233,25,37
312,230,25,40
315,229,23,38
320,229,27,40
323,227,27,34
329,226,24,37
333,222,26,38
335,223,27,39
341,218,29,38
346,222,26,37
350,215,30,38
356,219,25,36
359,215,27,38
364,209,25,39
366,211,29,40
372,205,28,41
377,209,24,37
381,206,25,36
388,214,20,31
392,209,18,29
0,0,0,0
0,0,0,0
0,0,0,0
0,0,0,0
0,0,0,0
0,0,0,0
0,0,0,0
0,0,0,0
0,0,0,0
0,0,0,0
0,0,0,0
0,0,0,0
0,0,0,0
0,0,0,0
0,0,0,0
0,0,0,0
0,0,0,0
0,0,0,0
0,0,0,0
0,0,0,0
0,0,0,0
0,0,0,0
0,0,0,0
0,0,0,0
0,0,0,0
0,0,0,0
0,0,0,0
0,0,0,0
0,0,0,0
0,0,0,0
0,0,0,0
0,0,0,0
0,0,0,0
0,0,0,0
0,0,0,0
0,0,0,0
0,0,0,0
0,0,0,0
0,0,0,0
0,0,0,0
0,0,0,0
0,0,0,0
0,0,0,0
468,197,21,27
468,192,21,29
471,195,23,31
472,195,25,38
477,194,23,35
478,196,28,37
481,192,24,40
485,198,24,37
488,193,24,37
490,194,24,38
494,195,26,38
497,194,24,37
499,195,24,38
503,195,25,38
505,195,24,39
509,193,25,37
512,195,24,39
515,189,24,38
519,192,20,39
522,192,20,32
0,0,0,0
0,0,0,0
0,0,0,0
0,0,0,0
0,0,0,0
0,0,0,0
0,0,0,0
0,0,0,0
0,0,0,0
0,0,0,0
0,0,0,0
0,0,0,0
0,0,0,0
0,0,0,0
0,0,0,0
0,0,0,0
0,0,0,0
0,0,0,0
586,176,24,38
588,176,22,39
590,176,22,37
587,172,28,45
590,173,26,44
595,175,24,35
597,174,21,38
596,174,23,36
599,178,25,37
599,175,28,41
603,175,23,42
604,177,24,39
606,175,25,43
608,175,25,44
610,174,23,41
611,176,25,41
613,174,26,42
615,175,28,41
618,173,25,42
619,173,25,43
619,172,24,45
618,175,27,42
615,175,31,43
618,177,27,40
617,176,28,43
619,178,27,42
620,179,27,43
620,183,28,40
622,182,30,41
623,182,29,42
625,185,31,40
630,177,28,43
635,175,26,39
637,178,26,41
636,174,28,43
639,180,27,39
639,179,25,40
639,181,25,40
637,180,28,43
637,182,27,43
639,178,26,43
643,183,22,42
644,180,22,43
646,182,25,42
648,180,24,44
652,180,22,44
654,180,27,44
658,177,23,43
662,177,21,43
666,178,25,44
669,171,23,43
674,174,25,44
678,170,25,44
681,172,23,43
686,170,26,44
690,166,24,45
694,167,28,45
697,164,29,45
700,166,26,45
704,162,24,44
706,165,25,44
709,165,31,46
713,162,30,46
720,163,25,45
724,159,28,46
730,156,24,45
735,157,26,45
741,154,27,42
746,157,25,42
750,153,27,43
755,146,24,43
759,152,28,44
764,145,27,45
770,144,24,44
776,137,26,47
781,141,23,46
785,134,29,47
790,138,25,45
796,132,25,45
801,133,26,46
807,127,25,46
812,130,26,46
820,124,22,42
825,124,25,44
830,122,24,45
837,120,25,44
839,122,26,44
846,117,23,46
848,116,29,47
856,113,23,47
860,114,26,50
864,107,27,49
869,109,26,47
875,109,28,48
878,103,26,51
884,107,29,49
892,102,25,44
894,106,26,46
900,102,26,43
904,101,26,47
909,97,28,48
914,99,25,46
919,94,28,48
923,91,27,49
929,93,24,47
934,92,29,47
939,93,25,45
944,89,28,45
949,88,26,47
954,85,25,47
958,85,29,48
964,81,25,48
968,79,29,49
974,81,27,48
980,75,26,48
983,78,34,49
991,72,33,51
999,73,27,50
1004,69,28,49
1009,66,27,47
1012,62,35,50
1018,60,29,47
1023,56,33,48
1033,54,27,49
1041,49,33,49
1048,50,29,48
1053,44,29,50
1061,46,30,45
1068,43,25,46
1073,40,28,46
1075,39,30,46
1079,38,30,44
1083,39,30,43
1090,35,28,44
1095,38,30,43
1097,36,28,42
1099,39,31,50
1103,37,33,46
1107,39,31,48
