811,869,33,27
807,842,25,30
798,832,34,34
772,842,31,32
761,832,25,33
755,816,33,33
777,806,27,32
737,818,33,31
719,839,33,28
686,827,22,29
675,792,28,27
683,775,24,30
685,759,25,30
667,768,32,27
672,749,26,29
669,770,25,25
681,774,26,28
661,759,22,27
606,714,31,22
598,713,25,23
623,739,21,23
624,747,31,25
623,727,21,22
604,735,30,22
594,737,25,21
585,724,21,21
596,721,28,20
598,732,23,24
581,735,25,23
584,726,26,22
590,720,23,23
591,711,26,22
573,722,25,23
570,720,20,23
565,704,29,20
568,706,23,20
571,704,24,18
549,705,26,19
557,710,20,20
552,704,23,21
554,687,21,18
543,701,22,19
546,725,20,20
564,702,16,21
573,684,26,19
576,674,22,20
556,655,23,18
542,658,24,19
521,669,19,21
577,642,24,18
567,615,21,18
524,642,18,19
483,645,24,17
481,628,20,18
492,611,21,20
505,614,24,18
512,621,18,18
495,617,23,17
486,616,17,17
486,612,18,16
492,607,21,16
487,600,18,17
483,606,21,15
472,609,21,17
460,601,18,18
467,595,21,17
459,599,21,14
447,599,17,14
449,607,20,16
474,617,17,15
471,581,20,15
483,577,21,14
480,583,19,15
481,573,17,17
471,560,17,16
457,557,20,13
442,561,22,14
444,559,17,16
443,561,18,14
440,569,19,13
454,559,16,15
457,552,19,15
460,552,16,14
468,565,17,17
458,570,17,17
448,563,16,15
447,562,19,14
439,573,20,14
450,566,19,14
453,562,17,16
449,564,15,14
454,567,18,15
434,583,20,13
430,579,17,13
423,571,17,16
422,571,17,13
433,568,18,13
422,561,19,14
420,568,17,14
428,572,18,14
418,572,16,13
411,561,17,13
418,575,17,12
411,585,17,12
387,581,19,16
389,586,17,15
391,591,16,13
393,579,16,15
397,569,15,12
393,563,13,12
388,577,15,13
391,576,14,14
393,566,15,12
397,556,16,12
402,557,13,11
395,559,14,13
403,558,14,14
413,561,15,13
412,556,14,13
407,559,12,12
413,560,14,13
417,561,12,12
404,554,13,11
406,554,12,12
400,560,13,11
404,564,12,12
419,566,12,11
418,565,11,12
420,575,11,10
421,582,11,12
423,579,11,11
431,573,12,12
429,576,10,11
424,580,11,10
416,575,11,11
419,567,11,11
429,564,12,12
428,559,13,12
418,569,12,11
414,580,12,12
415,571,11,11
415,560,12,11
419,559,11,12
438,568,11,10
463,578,11,10
443,576,11,11
426,572,11,12
430,567,11,11
446,569,11,11
447,558,12,11
425,546,11,11
439,544,12,11
449,570,12,11
441,584,11,10
444,581,12,11
424,577,11,10
420,559,12,11
423,565,13,11
430,575,12,12
412,583,12,12
380,589,10,10
377,577,11,10
374,577,12,11
387,570,11,10
410,565,12,11
404,577,10,11
384,580,11,11
372,581,12,10
357,597,11,11
345,620,11,11
