454,405,17,24
452,406,17,24
450,405,18,24
450,405,17,25
449,404,18,25
446,405,19,24
444,404,20,25
445,404,19,23
441,403,21,25
440,403,20,26
441,402,18,24
439,402,16,25
437,400,16,26
439,400,14,25
439,400,15,26
437,400,16,25
438,399,16,26
439,399,15,25
439,398,13,26
437,399,15,25
435,397,15,24
433,397,14,25
431,397,14,26
428,397,14,26
427,397,14,26
421,397,15,25
420,397,14,24
418,397,14,23
415,397,14,25
413,396,13,25
410,396,14,24
408,396,14,24
405,395,13,24
403,394,13,25
400,395,14,24
398,394,14,25
396,394,13,26
394,394,13,25
393,394,13,25
391,394,13,25
391,393,13,25
390,393,13,25
391,393,14,25
389,393,13,24
389,393,13,24
387,392,15,26
386,392,14,24
384,391,15,26
384,391,14,26
384,390,14,26
382,389,16,26
383,388,15,26
383,388,15,26
384,387,13,26
384,387,13,25
384,387,14,26
384,386,15,26
385,385,14,27
385,386,14,24
386,385,14,25
387,384,14,25
387,384,15,26
387,383,15,26
388,382,15,25
389,381,15,25
388,380,14,24
388,379,14,26
388,379,14,24
386,377,15,24
387,377,14,24
384,375,14,24
382,374,14,24
380,372,15,25
378,371,13,24
376,372,13,24
373,370,14,25
370,371,15,23
367,370,14,23
364,368,13,23
359,369,15,22
356,368,13,22
351,367,15,23
346,367,15,22
342,366,14,22
339,366,13,22
335,365,13,23
332,364,12,24
328,364,13,24
324,363,13,26
320,365,14,22
316,364,14,24
314,364,13,23
314,364,13,21
310,364,13,22
307,364,12,21
303,363,12,21
300,364,13,22
294,364,14,22
291,363,12,22
286,363,13,23
282,364,14,21
278,363,13,22
274,364,12,20
269,364,13,23
264,365,13,21
260,364,12,22
256,364,12,22
253,365,12,21
248,364,14,22
245,364,13,22
243,364,13,22
239,364,13,22
237,363,13,22
234,363,14,22
233,363,13,23
230,364,13,20
226,363,13,20
223,363,13,21
219,363,13,22
216,363,13,23
212,362,13,23
210,362,13,22
206,362,12,22
202,362,14,23
199,362,13,22
197,362,13,21
195,361,12,22
192,360,13,24
190,360,13,22
188,362,12,21
186,362,12,21
184,362,12,20
183,363,11,20
181,363,11,19
179,362,12,21
179,364,12,20
179,364,12,19
177,363,14,21
181,363,14,21
180,363,14,21
178,364,15,20
176,366,15,18
175,364,15,21
172,365,15,20
170,364,14,20
168,365,14,21
166,364,15,22
164,365,15,20
163,365,14,21
161,365,14,22
159,365,14,21
159,365,13,21
158,366,13,21
156,365,13,21
155,366,13,21
154,366,13,20
152,366,12,20
150,366,12,21
148,367,12,21
147,367,12,21
145,367,12,20
143,367,11,19
142,368,11,18
141,368,12,21
142,367,11,21
135,366,14,23
135,366,11,21
132,366,12,21
130,366,12,22
129,366,12,22
126,366,13,23
124,367,12,22
123,368,12,20
121,367,12,22
121,367,11,22
119,366,13,24
119,366,12,23
118,366,13,22
119,366,11,21
118,366,12,20
117,366,13,21
116,365,13,21
116,366,12,20
114,365,12,21
113,365,13,20
113,365,12,21
111,365,13,22
113,365,12,22
111,366,14,20
113,365,12,22
111,364,12,22
111,364,12,23
110,365,12,21
110,365,11,21
111,364,12,21
110,365,11,19
111,366,10,18
110,365,11,20
109,366,11,20
109,366,11,22
109,367,11,22
107,365,13,23
107,366,12,22
107,366,11,21
106,366,12,21
106,367,12,20
106,367,11,21
105,366,11,23
106,367,11,22
105,367,12,23
106,368,10,21
106,368,10,20
107,368,11,22
107,366,12,24
106,366,12,24
108,368,12,21
107,368,12,22
106,369,11,20
107,368,11,22
104,369,12,21
103,369,12,21
101,370,12,22
100,371,12,22
100,369,12,24
99,370,12,23
99,371,12,23
99,371,12,22
98,370,13,23
99,371,11,22
99,370,11,22
98,371,11,21
99,371,11,22
99,370,12,23
100,370,11,23
101,371,13,24
101,370,13,24
98,371,13,24
99,372,12,23
98,371,12,24
97,372,12,23
96,374,13,25
97,374,13,24
99,376,11,21
97,376,12,21
99,376,13,23
102,376,13,23
104,376,13,23
106,374,14,25
105,376,14,23
106,376,13,24
107,377,14,24
107,379,13,22
110,379,12,22
108,377,13,24
109,378,13,23
111,380,13,22
113,378,13,24
115,379,12,23
112,379,12,21
115,378,14,22
117,377,13,24
117,377,12,23
117,375,11,24
118,375,12,25
120,377,12,24
113,376,15,23
115,378,14,21
107,379,15,19
103,378,14,19
95,378,15,21
87,379,14,21
78,378,14,20
72,380,15,20
63,380,15,20
56,381,14,20
49,382,14,21
41,382,14,21
33,382,16,22
