318,369,64,53
342,371,61,54
382,355,58,50
386,359,54,48
388,371,53,47
401,377,51,45
409,365,48,45
395,378,49,42
403,389,45,40
423,365,46,42
445,369,45,41
465,415,43,42
481,407,43,40
499,383,40,37
516,404,39,38
520,411,38,37
536,394,39,38
537,380,39,37
506,369,38,36
520,351,38,36
513,353,37,35
513,346,39,36
518,363,38,36
484,388,39,37
496,396,38,35
499,428,38,36
455,416,39,37
481,401,39,36
537,407,36,36
530,408,39,35
524,417,39,37
503,415,38,35
492,406,39,35
517,392,39,35
524,397,39,35
502,402,38,35
505,402,38,35
523,401,39,36
527,399,36,35
525,417,39,35
522,411,38,36
526,411,37,35
519,434,39,34
516,417,39,36
481,386,40,36
483,426,37,34
519,424,37,34
535,393,35,35
524,411,35,35
527,407,35,34
549,388,33,33
548,410,33,33
524,393,33,33
528,395,32,32
553,401,32,30
567,391,31,30
556,375,33,31
565,364,30,29
563,367,29,27
561,363,30,29
569,360,29,29
570,356,28,28
569,360,26,27
570,359,26,27
562,368,28,27
570,366,26,27
593,359,27,25
589,365,25,24
575,378,26,25
581,370,24,25
599,375,24,24
607,377,24,25
602,378,23,23
600,377,24,24
604,389,24,23
603,392,25,25
615,384,22,23
617,387,24,23
619,395,24,22
614,399,23,23
617,403,23,22
605,392,23,22
609,393,23,22
617,401,21,21
620,401,21,21
618,419,21,20
655,428,21,23
648,423,20,21
637,417,20,19
644,425,19,19
651,418,19,18
652,415,19,19
661,425,19,19
654,423,20,19
650,417,20,19
659,417,18,18
658,415,19,17
657,415,19,17
648,420,19,18
647,415,20,18
656,410,20,18
659,411,21,18
656,412,20,17
658,421,18,17
658,416,19,17
664,424,18,16
651,428,18,16
651,426,19,16
654,423,19,17
665,416,19,17
665,410,18,17
662,424,19,17
652,445,17,16
662,444,16,16
671,424,17,15
665,428,20,15
670,424,17,15
677,441,17,15
692,444,18,16
694,445,17,16
682,441,16,16
687,432,17,16
683,434,15,16
693,431,16,15
692,436,18,15
689,442,17,17
688,434,17,15
695,431,18,16
687,433,18,15
682,431,16,17
691,435,15,16
696,431,15,15
687,430,16,14
681,432,16,16
679,437,15,15
680,435,14,14
682,427,15,16
677,422,15,17
677,431,15,15
677,436,16,14
678,437,15,15
677,438,15,15
680,443,14,16
679,441,15,15
680,426,14,15
681,429,14,15
668,443,14,14
674,444,15,15
685,440,14,13
673,431,15,14
683,429,14,16
674,435,16,15
671,437,15,14
681,427,15,13
687,418,14,14
684,430,15,14
672,441,14,14
682,439,15,16
683,433,14,13
684,433,15,13
675,428,15,14
680,430,15,13
689,428,15,14
691,428,13,14
683,430,14,15
680,435,15,13
685,434,14,14
685,432,13,13
692,434,13,14
683,440,13,13
680,441,14,14
688,438,14,14
696,434,14,15
687,446,12,13
685,438,13,13
696,425,12,13
693,431,13,13
692,450,13,13
690,440,12,13
684,432,11,13
687,439,12,12
692,433,13,12
685,447,11,11
677,447,13,13
672,437,13,12
677,440,13,12
677,443,12,11
677,436,11,13
671,438,12,12
686,440,11,12
688,438,11,11
681,444,11,12
680,458,11,11
680,448,11,11
669,437,11,11
676,434,11,12
685,433,10,10
686,433,11,11
692,431,11,12
678,443,11,11
674,438,10,12
702,421,10,12
723,414,11,12
720,436,11,11
713,439,11,12
693,428,10,11
699,417,11,11
704,404,11,11
700,402,12,11
705,404,11,11
698,411,12,11
704,405,11,11
685,384,12,11
