391,468,29,30
389,472,30,30
398,475,29,29
412,480,28,28
414,484,27,29
409,501,27,27
388,496,26,27
405,496,26,27
417,484,25,26
402,480,24,26
381,481,24,25
389,469,23,26
384,482,23,26
376,478,22,25
381,471,22,27
387,474,22,27
380,478,21,28
377,481,21,27
377,477,22,25
380,476,22,27
389,478,21,24
393,479,21,24
391,478,20,22
387,473,20,24
389,474,20,24
381,481,19,24
379,482,21,22
387,480,20,22
389,477,21,23
383,469,22,24
374,478,20,23
381,479,21,23
391,470,21,22
388,482,20,21
389,492,20,21
398,485,19,20
399,470,20,22
391,475,17,21
388,484,19,21
403,458,19,21
410,426,19,20
404,424,19,21
393,465,17,21
391,472,17,21
401,462,19,21
406,447,18,19
410,442,18,18
416,441,17,19
410,449,18,20
401,442,17,20
405,453,17,19
397,456,16,19
395,449,18,17
404,444,17,19
409,452,17,18
416,445,17,18
421,438,16,17
424,436,16,16
410,435,17,17
404,446,17,18
402,454,17,19
395,453,17,18
395,446,16,18
393,438,17,17
387,424,16,18
391,426,17,19
378,441,16,17
371,443,16,17
376,424,16,17
388,418,17,19
384,427,17,17
384,425,17,19
383,419,15,17
386,410,17,18
386,414,15,16
382,410,16,17
388,406,15,18
387,401,15,17
376,404,15,16
385,417,14,16
396,413,15,17
393,417,17,17
397,417,15,17
388,411,16,15
391,412,15,17
408,407,15,16
400,406,16,16
411,403,16,15
421,391,15,15
423,392,15,17
430,388,15,14
434,386,14,16
431,393,15,15
435,395,14,15
433,383,14,16
431,390,15,16
432,391,14,14
424,383,13,15
411,376,14,16
408,385,12,15
415,389,14,15
434,397,15,14
464,411,13,15
491,416,14,16
502,411,15,16
503,417,14,14
484,404,15,14
471,376,13,15
452,370,15,14
433,370,16,15
371,389,14,14
321,406,15,15
332,391,14,15
344,367,13,16
331,375,13,17
366,385,13,15
379,371,15,16
380,356,15,15
386,361,14,17
390,364,14,15
404,362,16,16
412,364,14,15
398,318,13,15
388,249,14,16
374,189,14,16
372,166,14,16
377,148,15,16
