306.600000,69.400000,24.000000,9.800000
308.000000,68.800000,23.600000,9.600000
308.200000,69.600000,23.600000,9.600000
302.600000,72.200000,23.000000,9.400000
300.200000,72.800000,23.000000,9.400000
302.200000,72.400000,23.000000,9.400000
303.800000,72.200000,23.600000,9.600000
305.600000,72.000000,23.600000,9.600000
306.800000,71.800000,24.000000,9.800000
308.400000,71.800000,23.600000,9.600000
310.600000,71.400000,23.600000,9.600000
312.200000,71.200000,24.000000,9.800000
315.400000,71.200000,23.000000,9.400000
316.800000,70.600000,24.000000,9.800000
318.600000,70.600000,23.600000,9.600000
320.600000,70.600000,23.000000,9.400000
322.200000,70.400000,23.000000,9.400000
323.800000,70.200000,23.000000,9.400000
324.800000,69.600000,24.000000,9.800000
326.800000,69.800000,23.000000,9.400000
328.600000,69.200000,23.000000,9.400000
331.000000,69.200000,22.600000,9.200000
331.400000,68.800000,23.600000,9.600000
332.600000,69.200000,22.600000,9.200000
331.200000,68.800000,23.600000,9.600000
331.200000,69.000000,23.600000,9.600000
329.600000,69.200000,23.600000,9.600000
327.600000,69.600000,23.000000,9.400000
326.200000,69.800000,23.000000,9.400000
325.400000,69.800000,23.000000,9.400000
324.800000,69.800000,23.000000,9.400000
323.800000,70.000000,22.600000,9.200000
323.400000,69.800000,23.000000,9.400000
322.000000,69.600000,23.600000,9.600000
321.600000,69.800000,23.000000,9.400000
320.800000,69.800000,23.000000,9.400000
319.200000,69.800000,22.600000,9.200000
317.200000,69.600000,21.800000,8.800000
313.400000,69.400000,22.600000,9.200000
311.200000,69.400000,23.000000,9.400000
311.200000,69.200000,22.600000,9.200000
310.200000,68.800000,23.000000,9.400000
309.400000,67.800000,24.000000,9.800000
311.200000,67.600000,23.600000,9.600000
310.400000,65.400000,23.000000,9.400000
311.600000,66.400000,23.000000,9.400000
313.400000,65.800000,23.000000,9.400000
315.600000,65.800000,23.000000,9.400000
317.200000,66.200000,23.000000,9.400000
316.600000,66.200000,24.000000,9.800000
318.200000,66.200000,23.600000,9.600000
319.200000,65.600000,23.000000,9.400000
319.600000,65.600000,23.600000,9.600000
321.000000,65.200000,23.000000,9.400000
322.800000,65.200000,22.200000,9.000000
324.400000,65.200000,21.800000,8.800000
326.000000,65.000000,21.400000,8.800000
327.200000,64.800000,21.800000,8.800000
328.200000,64.600000,21.800000,8.800000
330.000000,64.400000,20.800000,8.600000
332.800000,64.400000,22.400000,9.200000
333.800000,63.400000,21.200000,10.200000
335.600000,63.600000,21.800000,9.800000
336.400000,62.200000,23.400000,11.200000
336.600000,62.000000,22.800000,11.000000
338.000000,63.600000,21.800000,9.000000
338.000000,63.600000,21.400000,9.400000
339.400000,64.400000,22.400000,9.200000
341.200000,64.000000,19.200000,8.600000
342.800000,64.800000,20.800000,8.800000
