167.000000,135.800000,4.600000,3.600000
166.000000,135.800000,4.600000,3.600000
164.000000,135.800000,4.600000,3.600000
163.000000,135.800000,4.600000,3.600000
162.000000,135.800000,4.600000,3.600000
160.000000,136.800000,4.600000,3.600000
159.000000,136.800000,4.600000,3.600000
157.800000,137.800000,4.800000,3.800000
156.800000,138.600000,4.800000,3.800000
157.000000,139.800000,4.600000,3.600000
159.000000,139.800000,4.600000,3.600000
159.000000,139.800000,4.600000,3.600000
158.000000,140.800000,4.600000,3.600000
156.000000,141.800000,4.600000,3.600000
155.800000,141.800000,4.600000,3.600000
154.000000,142.800000,4.600000,3.600000
152.800000,143.600000,4.800000,3.800000
151.000000,144.600000,5.000000,3.800000
150.800000,144.800000,4.800000,3.800000
149.800000,145.600000,4.800000,3.800000
148.800000,146.400000,5.000000,3.800000
148.000000,147.000000,4.800000,3.800000
147.000000,147.800000,4.800000,3.800000
145.800000,148.400000,4.800000,3.800000
144.800000,148.800000,5.000000,3.800000
144.000000,149.800000,4.800000,3.800000
143.000000,150.600000,4.800000,3.800000
143.000000,150.800000,4.600000,3.600000
142.000000,149.600000,4.800000,3.800000
142.000000,147.800000,4.600000,3.600000
140.000000,143.800000,4.600000,3.600000
138.800000,142.800000,4.800000,3.800000
137.000000,144.000000,4.600000,3.600000
136.000000,144.800000,4.600000,3.600000
135.000000,145.800000,4.600000,3.600000
134.000000,146.600000,4.400000,3.400000
132.800000,146.800000,4.400000,3.400000
131.200000,147.800000,4.400000,3.400000
130.000000,148.600000,4.400000,3.400000
129.000000,149.000000,4.400000,3.400000
128.000000,149.800000,4.200000,3.400000
126.000000,150.800000,4.400000,3.400000
125.200000,151.000000,4.200000,3.200000
124.000000,152.000000,4.200000,3.200000
122.200000,152.800000,4.200000,3.400000
121.000000,153.600000,4.400000,3.400000
120.000000,153.800000,4.200000,3.400000
119.000000,154.800000,4.400000,3.400000
117.200000,155.800000,4.400000,3.400000
116.000000,155.800000,4.600000,3.600000
114.800000,156.800000,4.800000,3.800000
113.800000,157.000000,4.800000,3.800000
112.800000,157.800000,4.800000,3.800000
111.800000,158.800000,4.800000,3.800000
109.800000,159.600000,5.000000,3.800000
109.000000,160.400000,4.800000,3.800000
107.800000,160.600000,5.000000,3.800000
107.000000,161.800000,4.800000,3.800000
105.800000,162.600000,4.800000,3.800000
105.000000,163.000000,4.800000,3.800000
104.000000,163.800000,4.800000,3.800000
103.000000,164.600000,4.800000,3.800000
102.000000,165.600000,4.800000,3.800000
101.000000,166.600000,4.800000,3.800000
100.600000,166.600000,5.000000,3.800000
99.800000,167.800000,4.800000,3.800000
98.800000,168.800000,4.800000,3.800000
97.800000,169.600000,4.800000,3.800000
97.000000,169.800000,4.600000,3.600000
95.000000,170.800000,4.800000,3.800000
