54.600000,74.400000,8.400000,5.000000
57.400000,73.800000,8.800000,5.200000
59.800000,73.200000,9.000000,5.400000
62.800000,73.000000,8.800000,5.200000
65.800000,72.600000,8.600000,5.200000
68.600000,72.400000,8.200000,5.000000
71.200000,71.600000,8.400000,5.000000
73.800000,71.400000,8.800000,5.200000
76.600000,71.200000,8.600000,5.200000
79.200000,70.400000,8.800000,5.200000
81.600000,69.800000,9.000000,5.400000
84.600000,69.600000,8.600000,5.000000
87.200000,69.200000,8.800000,5.200000
89.600000,68.400000,9.000000,5.400000
92.600000,68.400000,8.600000,5.000000
95.000000,68.200000,8.600000,5.000000
97.600000,67.400000,8.800000,5.200000
100.400000,66.800000,8.400000,5.000000
102.800000,66.400000,8.400000,5.000000
105.400000,66.000000,8.800000,5.200000
108.000000,65.400000,8.400000,5.000000
110.600000,65.000000,8.600000,5.000000
113.000000,64.400000,8.800000,5.200000
115.200000,63.800000,9.000000,5.400000
117.800000,63.200000,9.000000,5.400000
120.200000,62.800000,9.000000,5.400000
123.000000,62.400000,8.600000,5.000000
125.200000,61.800000,9.000000,5.400000
127.800000,61.200000,9.000000,5.400000
130.200000,60.800000,9.000000,5.400000
132.600000,60.000000,9.400000,5.600000
135.000000,59.400000,9.400000,5.600000
137.600000,59.200000,9.200000,5.600000
140.000000,58.400000,9.400000,5.600000
142.600000,58.200000,9.000000,5.400000
145.200000,57.400000,9.200000,5.600000
147.400000,56.800000,9.400000,5.600000
149.800000,56.200000,9.600000,5.800000
152.200000,55.600000,9.600000,5.800000
154.800000,55.000000,9.400000,5.600000
157.200000,54.200000,9.600000,5.800000
159.600000,53.800000,9.400000,5.600000
162.400000,53.400000,9.200000,5.600000
164.600000,52.400000,9.400000,5.600000
167.000000,51.800000,9.400000,5.600000
169.600000,51.200000,9.400000,5.600000
172.000000,50.400000,9.800000,5.800000
174.400000,50.000000,9.400000,5.600000
176.800000,49.200000,9.600000,5.800000
179.400000,49.000000,9.200000,5.600000
182.200000,48.200000,9.000000,5.400000
184.400000,47.600000,9.000000,5.400000
186.800000,47.200000,9.000000,5.400000
189.400000,46.600000,9.000000,5.400000
192.000000,46.200000,8.600000,5.000000
194.600000,45.400000,8.600000,5.000000
196.800000,44.400000,9.000000,5.400000
199.000000,43.800000,9.200000,5.600000
201.600000,43.200000,9.000000,5.400000
204.000000,42.200000,9.400000,5.600000
206.600000,41.800000,9.200000,5.600000
209.200000,41.200000,9.200000,5.600000
211.200000,40.200000,9.200000,5.600000
213.400000,39.400000,9.600000,5.800000
216.200000,39.200000,9.200000,5.600000
218.600000,38.200000,9.400000,5.600000
221.000000,37.600000,9.800000,5.800000
223.600000,37.000000,9.400000,5.600000
226.200000,36.200000,9.200000,5.600000
228.800000,35.200000,9.400000,5.600000
231.200000,34.200000,9.400000,5.600000
233.200000,33.400000,9.800000,5.800000
235.200000,32.800000,9.600000,5.800000
236.800000,32.200000,9.400000,5.600000
237.600000,31.400000,9.800000,5.800000
238.200000,30.800000,9.400000,5.600000
238.000000,30.000000,9.600000,5.800000
237.200000,29.400000,10.000000,6.000000
236.400000,28.800000,9.800000,5.800000
234.800000,28.000000,9.800000,5.800000
232.400000,27.200000,9.800000,5.800000
229.200000,26.800000,9.600000,5.800000
225.600000,26.000000,9.800000,5.800000
221.000000,25.200000,10.200000,6.000000
215.800000,24.600000,10.400000,6.200000
211.000000,23.800000,10.400000,6.200000
206.800000,22.800000,10.600000,6.400000
203.000000,22.200000,10.800000,6.400000
200.400000,21.800000,10.400000,6.200000
198.000000,21.200000,10.200000,6.000000
195.400000,20.400000,10.600000,6.400000
193.600000,19.800000,10.200000,6.000000
192.000000,18.800000,10.600000,6.400000
191.800000,17.800000,11.000000,6.600000
193.000000,17.200000,10.600000,6.400000
193.200000,16.200000,11.000000,6.600000
193.600000,15.800000,10.600000,6.400000
194.000000,15.000000,10.600000,6.400000
194.600000,14.200000,10.600000,6.400000
195.600000,13.400000,10.800000,6.400000
197.400000,12.800000,10.400000,6.200000
198.600000,11.800000,10.800000,6.400000
200.200000,11.000000,10.600000,6.400000
201.200000,10.000000,11.000000,6.600000
202.000000,9.200000,11.000000,6.600000
204.000000,8.200000,11.000000,6.600000
210.000000,7.400000,10.800000,6.400000
214.600000,6.600000,11.000000,6.600000
217.400000,5.800000,11.400000,6.800000
220.600000,4.600000,11.400000,6.800000
223.400000,3.400000,11.800000,7.000000
227.000000,2.800000,11.400000,6.800000
230.000000,1.600000,11.800000,7.000000
233.200000,1.000000,11.800000,7.000000
236.600000,0.200000,11.800000,7.000000
239.800000,0.200000,11.800000,7.000000
243.000000,0.200000,11.800000,7.000000
244.200000,0.200000,11.800000,7.000000
244.400000,0.200000,11.800000,7.000000
244.400000,0.200000,11.800000,7.000000
