255.200000,75.000000,51.200000,20.000000
256.600000,74.800000,49.000000,19.600000
259.400000,76.400000,50.000000,19.600000
262.800000,75.000000,49.000000,18.600000
265.600000,74.000000,48.600000,18.600000
268.400000,74.400000,48.200000,19.000000
271.800000,73.400000,47.600000,18.800000
275.600000,75.000000,48.200000,18.600000
277.400000,75.800000,48.600000,19.600000
282.800000,71.200000,45.600000,18.600000
284.600000,64.800000,46.200000,19.200000
280.800000,55.000000,44.800000,19.400000
279.800000,48.800000,45.400000,20.000000
281.200000,46.800000,45.800000,18.600000
281.800000,42.200000,43.800000,18.800000
281.200000,40.200000,44.000000,18.200000
280.400000,41.600000,43.200000,18.000000
279.400000,41.600000,44.200000,18.600000
281.200000,44.800000,43.000000,18.600000
281.400000,48.800000,42.400000,18.600000
281.800000,50.600000,43.200000,19.000000
281.400000,51.600000,42.200000,19.400000
281.200000,54.000000,42.600000,19.000000
282.600000,56.000000,41.000000,17.600000
282.200000,56.400000,43.400000,17.000000
283.600000,53.400000,41.400000,17.800000
286.000000,57.400000,40.000000,18.000000
288.000000,61.600000,40.800000,16.800000
289.800000,62.600000,39.200000,17.000000
289.400000,62.200000,40.000000,18.000000
289.400000,60.600000,41.400000,17.200000
290.800000,59.800000,40.000000,17.600000
292.600000,61.600000,40.200000,16.800000
295.000000,59.200000,39.200000,18.000000
295.600000,58.200000,40.400000,17.600000
296.600000,56.000000,39.400000,18.000000
296.400000,58.400000,38.800000,16.400000
295.200000,59.600000,39.400000,16.800000
295.000000,61.000000,38.600000,17.200000
295.000000,61.600000,38.200000,17.600000
296.600000,58.800000,39.000000,17.200000
298.000000,59.600000,37.200000,16.800000
299.000000,64.400000,37.000000,16.800000
299.800000,65.400000,36.800000,15.800000
300.200000,67.400000,38.600000,15.600000
300.200000,70.200000,38.800000,15.200000
303.800000,72.600000,37.000000,15.600000
304.600000,73.400000,37.200000,15.800000
306.000000,74.800000,36.800000,16.200000
305.200000,76.400000,38.000000,15.800000
306.000000,78.400000,36.600000,16.000000
307.600000,81.200000,35.000000,15.200000
308.800000,79.800000,35.000000,15.600000
310.200000,78.400000,34.800000,14.200000
311.400000,78.800000,36.000000,15.600000
313.800000,81.600000,35.200000,15.800000
317.000000,84.800000,34.200000,15.000000
319.400000,87.200000,34.400000,15.800000
319.800000,92.600000,34.000000,15.600000
319.800000,96.400000,34.800000,15.800000
319.400000,98.800000,34.800000,14.600000
318.800000,95.000000,34.800000,16.000000
319.000000,91.600000,34.800000,15.800000
319.800000,86.800000,33.000000,16.200000
318.000000,83.600000,33.800000,16.600000
315.000000,79.600000,33.400000,15.200000
311.400000,73.600000,33.800000,14.600000
309.000000,71.200000,32.400000,14.800000
306.400000,68.400000,31.000000,15.000000
301.800000,67.200000,31.000000,14.800000
298.800000,65.400000,31.600000,14.200000
295.600000,65.000000,31.000000,15.200000
292.800000,65.400000,31.000000,15.600000
290.800000,64.800000,30.400000,14.400000
290.400000,65.000000,29.800000,14.600000
289.400000,66.400000,30.000000,14.600000
290.400000,68.200000,29.000000,13.000000
289.400000,67.200000,30.000000,15.000000
288.800000,68.800000,29.600000,14.800000
287.600000,68.800000,29.800000,15.600000
285.600000,68.200000,30.000000,14.400000
284.600000,64.400000,27.600000,16.600000
283.600000,64.800000,29.600000,14.800000
285.000000,65.400000,29.600000,14.400000
285.000000,65.400000,28.800000,14.800000
286.400000,65.000000,27.200000,14.200000
286.000000,66.800000,27.800000,13.400000
286.000000,66.000000,28.600000,15.000000
286.600000,67.200000,29.000000,13.000000
286.600000,65.000000,27.600000,14.800000
287.400000,65.800000,27.600000,14.000000
287.400000,66.400000,27.600000,13.400000
287.400000,66.400000,27.600000,13.800000
288.000000,66.400000,27.000000,13.800000
289.800000,65.400000,26.800000,14.400000
287.600000,66.800000,28.400000,14.200000
288.400000,67.200000,27.600000,14.000000
288.400000,66.400000,28.000000,13.800000
288.800000,66.000000,27.200000,13.200000
288.000000,66.800000,28.600000,13.800000
289.000000,68.400000,26.600000,13.600000
289.000000,67.400000,26.200000,14.200000
288.800000,65.400000,26.200000,15.200000
290.200000,65.000000,23.600000,14.200000
288.400000,64.400000,24.800000,13.800000
289.400000,65.800000,23.400000,12.400000
290.200000,64.800000,22.400000,13.000000
288.400000,64.000000,23.400000,13.400000
287.000000,64.400000,24.400000,12.800000
287.000000,63.400000,23.800000,13.400000
286.600000,64.800000,23.800000,12.000000
287.600000,65.800000,23.600000,12.600000
287.400000,66.400000,24.400000,13.200000
286.600000,66.800000,24.600000,12.800000
286.000000,67.400000,24.800000,13.200000
286.000000,68.400000,25.200000,13.200000
286.000000,68.800000,24.400000,13.400000
286.000000,69.600000,24.200000,13.400000
284.600000,69.800000,23.800000,13.200000
284.600000,70.200000,24.200000,12.800000
285.200000,70.600000,22.800000,12.400000
283.200000,70.600000,24.400000,12.400000
285.000000,72.000000,22.000000,12.000000
285.200000,73.000000,21.400000,11.800000
284.600000,72.600000,21.800000,12.200000
285.000000,73.000000,22.400000,11.800000
284.600000,73.400000,22.000000,11.600000
284.600000,73.600000,22.000000,11.800000
283.600000,73.400000,22.000000,12.000000
281.400000,71.200000,22.800000,11.800000
280.400000,69.800000,22.200000,12.800000
278.800000,70.600000,22.000000,11.000000
277.600000,71.000000,22.200000,10.600000
278.000000,71.000000,22.200000,10.200000
277.000000,70.600000,23.200000,10.600000
277.400000,72.000000,21.600000,10.600000
277.400000,72.200000,21.600000,10.000000
276.600000,71.600000,21.800000,10.600000
277.000000,72.200000,21.400000,10.400000
276.000000,72.000000,22.400000,11.000000
275.000000,72.000000,24.000000,11.000000
274.200000,71.000000,22.400000,10.600000
271.200000,69.800000,23.000000,10.400000
269.800000,69.200000,21.000000,10.400000
268.000000,67.800000,22.200000,9.600000
266.400000,66.800000,22.000000,10.400000
265.600000,66.000000,22.800000,10.800000
264.200000,66.400000,22.400000,10.000000
264.200000,65.800000,20.800000,10.000000
262.200000,66.000000,23.800000,9.800000
260.400000,66.000000,22.800000,10.000000
258.800000,66.400000,24.000000,10.000000
260.400000,66.400000,23.800000,11.000000
261.400000,67.200000,22.800000,11.200000
263.200000,68.400000,23.400000,10.800000
263.800000,70.600000,21.800000,9.200000
264.200000,70.600000,22.200000,9.600000
265.000000,71.200000,21.000000,10.000000
266.400000,72.000000,22.000000,10.200000
266.000000,72.000000,23.400000,10.000000
266.400000,71.200000,22.600000,10.000000
268.400000,71.600000,21.000000,10.000000
269.400000,72.200000,20.400000,9.400000
269.000000,73.000000,22.400000,9.200000
270.200000,73.400000,23.000000,9.200000
271.200000,74.400000,22.000000,9.200000
272.600000,76.000000,23.000000,9.000000
272.800000,75.400000,23.600000,10.000000
274.600000,75.400000,24.800000,11.000000
275.000000,77.200000,23.400000,10.200000
276.600000,78.200000,21.000000,10.000000
275.000000,78.400000,22.600000,9.800000
274.200000,81.000000,24.800000,8.600000
275.000000,81.200000,23.400000,8.600000
274.200000,81.600000,23.800000,8.200000
275.200000,82.000000,23.800000,8.200000
275.200000,82.200000,23.800000,8.800000
276.000000,82.000000,22.400000,8.200000
275.600000,83.400000,22.000000,7.800000
275.600000,83.000000,22.400000,9.200000
276.400000,84.000000,22.600000,8.600000
276.400000,83.600000,22.600000,8.600000
276.400000,84.400000,21.200000,7.800000
275.200000,83.600000,21.800000,8.600000
275.000000,84.400000,22.600000,9.000000
275.200000,84.800000,20.800000,7.800000
276.000000,86.000000,22.400000,7.600000
276.400000,86.000000,21.600000,8.400000
276.600000,85.000000,21.400000,9.400000
277.400000,86.000000,19.600000,8.000000
276.000000,85.400000,21.000000,8.200000
274.200000,84.400000,21.800000,8.600000
275.000000,84.400000,18.800000,8.200000
272.800000,83.600000,21.800000,8.600000
273.200000,83.000000,21.000000,8.200000
271.800000,82.000000,20.800000,9.000000
271.200000,81.200000,20.000000,9.000000
269.800000,80.600000,20.600000,9.600000
270.200000,80.200000,21.000000,9.600000
267.400000,79.800000,22.000000,9.800000
266.600000,78.800000,22.400000,10.000000
266.400000,77.800000,22.000000,11.400000
267.600000,79.600000,17.400000,8.800000
266.600000,78.800000,19.400000,8.600000
264.600000,78.400000,19.000000,9.000000
263.200000,78.800000,22.000000,9.000000
263.600000,77.800000,23.000000,9.600000
263.800000,78.200000,21.800000,9.200000
263.600000,78.200000,22.800000,9.200000
261.800000,76.800000,24.200000,9.600000
260.800000,77.200000,23.400000,10.200000
261.400000,76.800000,22.800000,10.400000
262.600000,76.800000,20.200000,9.200000
263.200000,77.400000,19.600000,9.400000
261.800000,76.400000,20.800000,10.400000
260.400000,76.000000,21.800000,10.400000
