212.800000,75.600000,5.200000,3.200000
209.800000,75.600000,5.400000,3.200000
207.000000,75.600000,5.200000,3.200000
204.800000,75.600000,5.200000,3.200000
202.800000,74.600000,5.000000,3.200000
199.800000,73.600000,5.400000,3.200000
199.800000,73.600000,5.200000,3.200000
201.800000,73.600000,5.200000,3.200000
201.800000,73.600000,5.200000,3.200000
202.800000,74.600000,5.200000,3.200000
202.800000,74.600000,5.200000,3.200000
201.800000,74.600000,5.000000,3.200000
202.800000,74.600000,5.000000,3.200000
201.800000,74.600000,5.400000,3.200000
200.000000,74.600000,5.000000,3.200000
199.600000,74.600000,5.400000,3.200000
200.600000,75.600000,5.200000,3.200000
199.800000,75.600000,5.400000,3.400000
199.600000,74.600000,5.400000,3.200000
197.800000,75.600000,5.000000,3.200000
196.800000,76.600000,5.200000,3.200000
194.800000,76.600000,5.000000,3.200000
193.800000,76.600000,5.000000,3.000000
195.000000,77.600000,5.000000,3.000000
192.800000,78.400000,5.000000,3.200000
192.000000,78.600000,5.000000,3.000000
191.800000,80.600000,5.200000,3.200000
191.800000,82.600000,5.200000,3.200000
194.800000,85.600000,5.400000,3.200000
194.600000,88.600000,5.400000,3.400000
193.800000,90.600000,5.200000,3.200000
193.800000,92.600000,5.400000,3.200000
191.800000,92.600000,5.000000,3.200000
189.800000,92.600000,5.000000,3.200000
187.800000,92.600000,5.000000,3.200000
187.000000,91.800000,5.000000,3.000000
186.000000,91.800000,5.000000,3.000000
183.800000,91.600000,5.000000,3.200000
181.000000,91.600000,5.000000,3.000000
178.800000,91.600000,5.000000,3.200000
177.800000,91.600000,5.000000,3.200000
175.800000,92.600000,5.000000,3.200000
174.000000,92.600000,5.000000,3.200000
171.800000,92.600000,5.000000,3.200000
170.000000,91.800000,5.000000,3.200000
167.800000,92.600000,5.200000,3.200000
167.800000,92.600000,5.200000,3.200000
168.000000,94.600000,5.200000,3.200000
167.000000,94.600000,5.000000,3.000000
165.800000,94.600000,5.200000,3.200000
164.800000,95.600000,5.000000,3.200000
166.600000,97.600000,5.000000,3.200000
166.800000,98.600000,5.400000,3.200000
166.800000,99.800000,5.200000,3.200000
166.600000,101.600000,5.400000,3.200000
166.800000,103.600000,5.400000,3.200000
166.800000,104.400000,5.000000,3.200000
165.800000,105.600000,5.000000,3.200000
163.800000,105.600000,5.000000,3.200000
161.800000,105.600000,5.000000,3.200000
160.800000,105.800000,5.000000,3.000000
159.200000,106.600000,4.800000,3.000000
158.000000,106.600000,5.000000,3.000000
157.000000,107.800000,4.800000,2.800000
156.000000,109.600000,5.000000,3.000000
157.000000,109.800000,4.800000,3.000000
156.000000,111.600000,5.000000,3.000000
154.800000,111.600000,5.000000,3.000000
154.000000,111.600000,4.800000,3.000000
152.000000,112.600000,5.000000,3.000000
152.000000,111.800000,4.800000,2.800000
151.000000,111.800000,5.000000,3.000000
149.800000,111.600000,5.000000,3.000000
149.000000,112.600000,5.000000,3.000000
148.800000,111.600000,5.000000,3.000000
146.800000,111.600000,5.000000,3.200000
144.800000,111.600000,5.200000,3.200000
145.800000,111.600000,5.200000,3.200000
144.000000,111.600000,5.000000,3.200000
142.000000,111.600000,5.000000,3.200000
140.000000,111.600000,5.200000,3.200000
140.800000,111.600000,5.200000,3.200000
139.000000,111.600000,5.000000,3.200000
138.800000,111.600000,5.200000,3.200000
139.800000,111.600000,5.000000,3.200000
140.800000,111.600000,5.400000,3.200000
140.800000,111.600000,5.400000,3.400000
139.800000,111.600000,5.200000,3.200000
138.800000,111.600000,5.200000,3.200000
138.000000,111.600000,5.000000,3.000000
137.800000,111.600000,5.200000,3.200000
135.800000,111.600000,5.000000,3.200000
133.800000,111.600000,5.000000,3.200000
131.800000,111.600000,5.000000,3.200000
131.800000,112.600000,5.400000,3.200000
133.000000,112.600000,5.000000,3.200000
135.800000,112.600000,5.000000,3.000000
135.800000,112.600000,5.000000,3.200000
133.800000,112.600000,5.000000,3.200000
132.800000,112.600000,5.000000,3.200000
132.800000,113.600000,5.000000,3.200000
131.800000,113.600000,5.000000,3.000000
133.800000,113.600000,5.200000,3.200000
133.800000,113.600000,5.200000,3.200000
135.800000,113.800000,5.000000,3.000000
136.800000,114.800000,5.000000,3.000000
136.000000,114.600000,5.000000,3.000000
135.000000,115.600000,5.000000,3.000000
136.000000,115.800000,5.000000,3.000000
135.800000,115.600000,5.000000,3.200000
133.800000,116.600000,5.000000,3.200000
132.800000,116.600000,5.000000,3.200000
132.800000,116.600000,5.000000,3.200000
130.800000,116.600000,5.000000,3.200000
126.000000,116.600000,5.000000,3.000000
123.800000,116.600000,5.200000,3.200000
122.800000,116.600000,5.000000,3.200000
121.800000,116.600000,5.200000,3.200000
119.800000,116.600000,5.000000,3.200000
119.800000,116.600000,5.200000,3.200000
117.800000,116.600000,5.000000,3.200000
116.000000,116.600000,5.000000,3.000000
114.800000,116.600000,5.000000,3.000000
112.800000,116.600000,5.000000,3.200000
111.000000,116.600000,5.000000,3.000000
108.800000,116.600000,5.000000,3.200000
108.800000,116.600000,5.000000,3.200000
112.000000,116.800000,5.000000,3.000000
113.000000,116.600000,5.000000,3.000000
112.000000,116.600000,5.000000,3.000000
110.800000,116.600000,5.000000,3.200000
110.800000,116.600000,5.400000,3.200000
109.800000,116.600000,5.000000,3.200000
109.800000,116.600000,5.000000,3.200000
110.000000,116.600000,5.000000,3.000000
110.800000,116.600000,5.000000,3.200000
110.800000,116.600000,5.200000,3.200000
110.800000,116.600000,5.200000,3.200000
110.000000,117.600000,5.000000,3.000000
109.800000,117.600000,5.200000,3.200000
109.800000,117.600000,5.000000,3.200000
109.000000,117.600000,5.000000,3.000000
108.800000,116.600000,5.200000,3.200000
108.800000,116.600000,5.000000,3.200000
106.800000,115.600000,5.000000,3.200000
108.000000,115.600000,5.000000,3.000000
109.800000,114.600000,5.000000,3.000000
111.800000,114.600000,5.200000,3.200000
111.800000,113.600000,5.400000,3.200000
111.800000,114.600000,5.200000,3.200000
111.800000,114.600000,5.200000,3.200000
110.800000,114.600000,5.000000,3.200000
110.000000,114.600000,5.000000,3.200000
110.000000,114.600000,5.000000,3.000000
109.600000,114.600000,5.000000,3.000000
108.800000,114.600000,5.000000,3.200000
110.000000,115.600000,5.000000,3.000000
109.000000,115.600000,5.000000,3.000000
110.000000,116.600000,4.800000,3.000000
112.800000,116.600000,5.000000,3.000000
114.800000,117.600000,5.000000,3.000000
118.800000,115.600000,5.200000,3.200000
122.800000,113.600000,5.000000,3.200000
123.800000,112.600000,5.200000,3.200000
123.800000,109.600000,5.400000,3.400000
123.000000,108.600000,5.200000,3.200000
122.000000,107.600000,5.000000,3.000000
121.000000,107.600000,5.000000,3.000000
120.000000,107.600000,5.000000,3.000000
118.000000,106.600000,5.000000,3.000000
116.000000,106.600000,5.000000,3.200000
115.000000,107.600000,5.000000,3.000000
114.000000,107.600000,5.000000,3.000000
113.000000,107.600000,5.000000,3.000000
112.000000,108.600000,5.000000,3.000000
111.000000,108.600000,4.800000,3.000000
111.000000,109.600000,5.000000,3.000000
110.800000,109.600000,5.000000,3.000000
110.000000,109.600000,5.000000,3.000000
109.800000,109.600000,5.200000,3.200000
107.800000,110.600000,5.000000,3.200000
108.000000,111.600000,5.000000,3.000000
107.800000,111.600000,5.000000,3.200000
107.000000,112.600000,5.000000,3.000000
106.800000,113.600000,5.000000,3.000000
108.800000,114.600000,5.000000,3.000000
110.000000,115.600000,5.000000,3.000000
111.000000,116.800000,4.800000,2.800000
113.200000,117.800000,4.600000,2.800000
113.200000,117.800000,4.600000,2.800000
113.200000,118.800000,4.600000,2.800000
112.200000,119.000000,4.600000,2.800000
110.400000,118.800000,4.600000,2.800000
109.400000,119.800000,4.600000,2.800000
107.200000,119.800000,4.800000,2.800000
107.400000,120.800000,4.600000,2.800000
108.200000,120.800000,4.600000,2.800000
106.400000,121.000000,4.600000,2.800000
107.200000,120.800000,4.600000,2.800000
107.200000,121.800000,4.600000,2.800000
107.200000,121.800000,4.600000,2.800000
105.200000,122.800000,4.600000,2.800000
103.400000,122.800000,4.600000,2.800000
103.400000,122.800000,4.600000,2.800000
102.200000,122.800000,4.600000,2.800000
100.400000,124.000000,4.600000,2.800000
100.200000,123.800000,4.600000,2.800000
98.400000,124.000000,4.600000,2.800000
96.400000,125.000000,4.400000,2.800000
95.400000,124.800000,4.600000,2.800000
94.400000,124.800000,4.600000,2.800000
92.200000,126.000000,4.600000,2.800000
90.400000,125.800000,4.600000,2.800000
91.400000,125.800000,4.600000,2.800000
89.200000,127.000000,4.600000,2.800000
87.400000,126.800000,4.600000,2.800000
87.200000,126.800000,4.600000,2.800000
84.400000,126.800000,4.400000,2.800000
82.200000,126.800000,4.600000,2.800000
81.200000,127.600000,4.800000,3.000000
80.000000,127.600000,5.000000,3.000000
78.000000,127.600000,5.000000,3.000000
77.000000,128.600000,5.000000,3.000000
75.800000,128.600000,5.000000,3.000000
76.200000,130.800000,4.800000,3.000000
75.000000,130.600000,5.000000,3.000000
73.000000,129.600000,5.000000,3.000000
72.800000,129.600000,5.000000,3.200000
72.000000,129.600000,5.000000,3.000000
70.000000,129.600000,5.000000,3.000000
68.000000,129.600000,5.000000,3.000000
68.000000,130.600000,5.000000,3.200000
66.800000,130.600000,5.000000,3.000000
65.000000,130.400000,5.200000,3.200000
63.000000,130.600000,5.000000,3.200000
62.000000,130.600000,5.000000,3.000000
61.000000,130.600000,5.000000,3.000000
59.000000,131.800000,4.800000,3.000000
58.200000,131.800000,4.800000,2.800000
57.000000,131.800000,4.800000,3.000000
