197.600000,94.000000,53.800000,18.600000
192.800000,96.200000,51.800000,17.800000
206.400000,93.200000,51.800000,17.800000
211.000000,91.800000,51.800000,17.800000
218.000000,92.400000,49.800000,17.200000
222.600000,92.000000,50.600000,17.600000
225.200000,85.600000,50.600000,17.600000
238.600000,79.000000,51.800000,17.800000
240.600000,75.800000,49.800000,17.200000
243.400000,74.800000,47.800000,16.600000
250.200000,74.000000,46.000000,15.800000
256.200000,70.600000,46.800000,16.200000
264.000000,70.000000,48.800000,16.800000
271.000000,68.800000,47.800000,16.600000
275.200000,67.400000,48.800000,16.800000
276.200000,68.400000,46.800000,16.200000
272.600000,73.800000,46.800000,16.200000
265.400000,72.200000,46.000000,15.800000
257.400000,71.800000,46.800000,16.200000
256.400000,72.400000,46.800000,16.200000
259.400000,74.000000,46.800000,16.200000
259.400000,75.200000,48.800000,16.800000
262.800000,76.600000,46.800000,16.200000
265.800000,76.800000,46.000000,15.800000
267.400000,75.600000,47.800000,16.600000
274.800000,76.800000,46.000000,15.800000
283.200000,76.600000,45.000000,15.600000
291.600000,77.600000,45.000000,15.600000
293.800000,76.600000,46.000000,15.800000
292.400000,77.800000,46.000000,15.800000
286.000000,78.200000,44.200000,15.200000
271.000000,77.400000,45.000000,15.600000
259.400000,75.000000,45.000000,15.600000
252.400000,76.200000,46.000000,15.800000
247.800000,77.200000,44.200000,15.200000
239.400000,75.200000,45.000000,15.600000
233.800000,76.200000,46.000000,15.800000
233.000000,77.400000,44.200000,15.200000
232.800000,77.000000,43.200000,15.000000
233.800000,79.800000,45.000000,15.600000
236.000000,84.600000,45.000000,15.600000
231.200000,85.400000,46.800000,16.200000
228.200000,86.200000,46.800000,16.200000
225.200000,86.400000,47.800000,16.600000
218.000000,84.600000,46.800000,16.200000
216.200000,85.600000,47.800000,16.600000
215.800000,86.800000,46.800000,16.200000
216.400000,90.000000,46.800000,16.200000
216.600000,92.400000,48.800000,16.800000
218.400000,95.200000,46.800000,16.200000
217.800000,96.200000,47.800000,16.600000
215.400000,96.800000,46.800000,16.200000
220.000000,95.400000,47.800000,16.600000
217.400000,99.000000,46.000000,15.800000
222.000000,99.000000,44.200000,15.200000
225.200000,100.800000,42.400000,14.600000
227.800000,101.200000,43.200000,15.000000
233.400000,104.400000,41.600000,14.400000
238.400000,105.200000,40.000000,13.800000
245.000000,109.000000,39.200000,13.600000
252.400000,114.600000,37.600000,13.000000
256.800000,114.200000,37.600000,13.000000
261.400000,116.400000,37.600000,13.000000
265.400000,117.600000,37.600000,13.000000
269.400000,117.800000,37.600000,13.000000
274.000000,117.800000,37.600000,13.000000
274.000000,120.600000,37.600000,13.000000
271.800000,122.000000,37.600000,13.000000
270.400000,123.200000,37.600000,13.000000
275.000000,125.400000,37.600000,13.000000
277.600000,127.200000,37.600000,13.000000
282.000000,129.200000,37.600000,13.000000
285.200000,131.200000,36.200000,12.600000
285.800000,132.600000,37.600000,13.000000
289.000000,136.000000,36.200000,12.600000
292.400000,139.800000,37.600000,13.000000
292.800000,142.800000,37.600000,13.000000
296.800000,145.400000,36.200000,12.600000
302.000000,149.000000,36.200000,12.600000
305.600000,150.200000,37.600000,13.000000
309.800000,152.200000,37.600000,13.000000
315.600000,156.400000,36.200000,12.600000
311.600000,152.600000,34.800000,12.000000
314.400000,145.600000,35.400000,12.200000
320.200000,142.600000,36.200000,12.600000
319.000000,137.200000,34.800000,12.000000
321.400000,134.000000,33.400000,11.600000
321.400000,134.200000,32.800000,11.400000
317.000000,134.800000,31.600000,10.800000
319.400000,136.000000,30.200000,10.400000
312.200000,129.400000,29.800000,10.200000
315.600000,132.000000,28.600000,9.800000
315.200000,132.800000,27.400000,9.400000
313.200000,134.400000,28.000000,9.600000
312.800000,134.400000,27.400000,9.400000
314.600000,136.200000,26.400000,9.200000
320.600000,138.400000,25.400000,8.800000
325.400000,142.000000,24.800000,8.600000
326.800000,144.400000,24.800000,8.600000
