287.000000,76.800000,72.400000,24.800000
294.600000,73.400000,71.800000,26.400000
299.400000,68.200000,72.400000,26.200000
307.000000,66.400000,73.600000,24.000000
313.800000,62.200000,74.200000,25.600000
318.400000,61.200000,73.000000,27.000000
314.600000,64.800000,73.800000,26.800000
306.600000,69.800000,72.400000,25.600000
303.600000,71.600000,65.800000,24.200000
287.600000,79.800000,65.200000,24.200000
280.400000,75.800000,63.200000,24.000000
270.400000,66.000000,75.600000,27.000000
274.200000,63.600000,64.600000,23.600000
274.200000,65.800000,69.400000,23.400000
283.600000,65.800000,66.600000,24.000000
281.800000,63.600000,70.800000,26.200000
279.400000,62.600000,73.200000,27.000000
280.200000,69.200000,71.000000,26.200000
281.800000,72.600000,70.800000,26.200000
283.800000,75.400000,70.800000,26.600000
287.600000,65.400000,70.400000,25.200000
292.600000,61.600000,70.200000,26.800000
295.200000,61.200000,69.000000,26.000000
298.800000,53.000000,67.800000,26.600000
299.000000,42.200000,67.600000,26.200000
295.600000,33.000000,68.000000,26.200000
296.400000,25.000000,67.800000,26.000000
294.600000,32.600000,68.600000,27.200000
298.400000,24.000000,67.600000,27.200000
297.600000,23.600000,68.400000,26.600000
301.400000,31.000000,67.400000,25.400000
307.600000,33.000000,67.000000,26.200000
312.600000,34.400000,67.600000,25.800000
307.000000,42.600000,68.200000,26.200000
309.400000,46.000000,67.200000,26.200000
307.600000,51.200000,66.200000,25.600000
303.600000,54.800000,66.200000,25.400000
299.800000,58.400000,65.200000,25.200000
290.200000,66.000000,65.800000,26.000000
289.400000,63.600000,65.200000,24.200000
287.000000,66.000000,65.800000,23.600000
286.000000,68.800000,62.400000,23.400000
283.800000,69.600000,62.600000,24.400000
285.600000,66.800000,61.400000,23.000000
287.600000,64.400000,67.600000,23.000000
288.000000,57.200000,65.600000,24.800000
287.000000,57.400000,61.000000,23.200000
285.200000,55.400000,62.800000,24.400000
288.800000,58.200000,65.000000,25.200000
285.000000,62.200000,57.200000,22.800000
295.000000,64.000000,55.400000,22.400000
295.000000,61.600000,57.800000,21.000000
299.400000,59.600000,58.000000,22.400000
302.200000,59.200000,58.200000,21.800000
304.200000,60.600000,59.600000,21.400000
306.400000,60.600000,58.200000,23.400000
306.400000,57.800000,61.600000,20.600000
310.400000,55.400000,59.800000,20.600000
305.600000,57.400000,57.600000,21.400000
299.800000,58.200000,56.800000,20.000000
299.400000,56.400000,58.200000,19.600000
304.200000,57.800000,58.000000,19.400000
314.200000,51.600000,58.400000,19.400000
326.400000,44.000000,54.400000,19.000000
327.400000,34.000000,55.400000,20.400000
325.600000,22.000000,55.200000,18.600000
339.000000,20.600000,54.600000,20.600000
346.400000,24.400000,54.400000,17.800000
350.800000,31.000000,55.600000,17.800000
373.800000,28.400000,35.200000,16.000000
383.200000,30.200000,25.800000,17.800000
393.600000,37.400000,15.400000,15.200000
404.200000,46.800000,4.800000,13.000000
401.400000,55.400000,7.600000,14.200000
386.400000,59.200000,22.600000,15.200000
339.800000,65.400000,53.000000,15.800000
294.600000,67.400000,52.400000,14.800000
261.800000,67.400000,50.800000,15.200000
231.200000,61.600000,50.000000,17.200000
202.200000,53.600000,51.400000,16.200000
189.400000,44.000000,47.600000,16.200000
182.200000,41.200000,49.200000,16.000000
188.400000,44.000000,47.600000,16.200000
188.400000,46.000000,49.200000,16.200000
200.200000,52.200000,48.800000,16.200000
207.600000,56.400000,48.000000,16.600000
209.000000,59.600000,48.000000,16.200000
210.400000,62.600000,49.000000,15.800000
214.200000,64.400000,46.600000,16.200000
219.400000,66.000000,47.200000,15.000000
225.000000,65.000000,46.400000,14.600000
234.200000,63.600000,46.200000,15.600000
241.800000,63.400000,47.200000,14.400000
256.400000,60.200000,45.400000,15.200000
267.000000,58.800000,45.800000,15.600000
273.200000,56.000000,46.200000,15.000000
281.400000,54.800000,45.200000,15.400000
290.400000,54.000000,45.200000,14.800000
297.400000,54.800000,44.400000,15.000000
302.600000,52.600000,43.000000,14.800000
307.000000,49.800000,43.800000,15.200000
304.600000,47.200000,43.400000,15.800000
300.200000,43.000000,44.400000,15.400000
301.800000,41.000000,43.800000,15.000000
304.600000,38.400000,43.000000,15.200000
303.600000,40.200000,43.400000,15.800000
300.200000,42.200000,41.600000,14.600000
300.800000,41.200000,40.400000,15.600000
300.400000,42.600000,40.000000,14.200000
293.600000,50.200000,40.000000,15.600000
291.800000,55.400000,40.400000,14.400000
290.800000,54.000000,39.600000,15.800000
284.200000,54.800000,40.800000,14.800000
279.800000,52.200000,40.600000,15.600000
278.000000,48.400000,39.400000,14.600000
278.800000,46.000000,39.600000,15.000000
279.000000,43.600000,39.800000,15.200000
280.200000,40.600000,38.800000,16.200000
