144.600000,55.400000,62.800000,18.600000
148.800000,55.000000,62.000000,18.600000
155.000000,54.800000,61.400000,18.800000
160.200000,55.000000,60.600000,18.400000
163.800000,54.800000,59.800000,18.200000
166.600000,54.800000,59.800000,18.800000
170.800000,55.400000,59.000000,18.000000
172.600000,54.400000,58.600000,17.800000
171.800000,51.600000,59.000000,18.600000
170.400000,51.000000,58.000000,17.800000
170.200000,50.600000,59.600000,18.200000
173.600000,51.000000,58.200000,17.200000
177.400000,52.000000,57.600000,16.800000
181.200000,54.400000,57.200000,17.200000
185.000000,56.400000,56.400000,17.600000
187.400000,57.400000,56.800000,17.000000
189.000000,58.200000,55.600000,16.800000
191.800000,59.600000,57.200000,16.400000
193.200000,59.800000,56.200000,16.000000
195.000000,59.800000,56.200000,17.000000
197.000000,61.200000,56.600000,17.200000
200.800000,63.000000,55.200000,16.800000
203.200000,64.000000,54.400000,16.600000
206.600000,65.000000,53.800000,16.200000
209.800000,66.000000,54.000000,16.000000
212.200000,66.000000,52.800000,16.000000
212.800000,66.400000,53.200000,15.600000
215.200000,66.400000,52.400000,16.200000
216.000000,67.400000,53.800000,14.800000
218.000000,67.200000,52.800000,15.400000
219.000000,68.800000,52.400000,14.600000
221.800000,70.600000,53.200000,14.800000
223.600000,70.200000,52.800000,16.200000
223.800000,69.800000,54.200000,16.600000
226.000000,71.000000,52.000000,15.000000
226.400000,72.600000,53.400000,15.800000
230.800000,74.000000,50.600000,15.800000
232.600000,75.000000,50.600000,15.200000
234.200000,76.000000,51.400000,15.600000
236.000000,73.600000,49.600000,15.600000
238.400000,72.200000,50.600000,16.000000
240.400000,72.000000,49.400000,14.000000
242.800000,72.600000,49.800000,14.600000
244.600000,73.400000,50.000000,16.400000
244.200000,73.600000,49.600000,16.000000
248.400000,76.000000,48.200000,15.000000
251.800000,76.400000,48.400000,15.200000
254.600000,77.200000,48.000000,14.800000
256.600000,77.800000,48.600000,14.800000
260.400000,78.400000,48.400000,15.600000
262.600000,76.800000,47.200000,14.800000
264.600000,76.400000,47.200000,15.200000
267.000000,76.800000,45.600000,14.200000
270.800000,75.800000,44.400000,15.200000
270.800000,75.400000,46.800000,15.200000
272.800000,76.800000,46.600000,13.000000
274.200000,76.000000,46.000000,14.200000
275.200000,76.400000,46.200000,15.200000
275.600000,76.400000,44.600000,14.200000
275.600000,76.400000,43.400000,13.800000
274.200000,76.400000,44.200000,13.800000
275.200000,79.600000,43.800000,13.800000
274.600000,79.800000,44.200000,14.600000
274.200000,79.800000,45.600000,15.000000
273.600000,79.600000,44.400000,14.000000
273.600000,78.800000,44.000000,14.600000
273.800000,80.200000,43.600000,14.200000
271.200000,81.600000,45.200000,15.200000
271.800000,81.200000,44.600000,15.200000
271.800000,82.200000,42.800000,14.600000
270.800000,84.000000,42.800000,13.800000
269.400000,84.000000,43.800000,14.200000
268.400000,84.000000,42.800000,14.800000
267.400000,84.400000,43.800000,13.800000
268.800000,86.000000,42.400000,13.200000
268.400000,86.000000,41.800000,13.800000
268.800000,86.000000,41.600000,14.200000
271.200000,88.200000,42.000000,13.400000
272.800000,91.000000,41.800000,12.600000
270.400000,96.000000,41.400000,13.200000
267.000000,98.400000,42.400000,14.600000
265.600000,99.200000,41.400000,13.400000
262.200000,101.200000,39.200000,13.800000
256.400000,105.800000,40.200000,13.400000
254.600000,107.200000,41.000000,12.600000
253.600000,106.800000,39.000000,12.800000
251.200000,103.400000,38.200000,13.000000
250.800000,103.400000,39.000000,12.400000
253.600000,102.200000,42.000000,14.200000
255.600000,102.200000,41.400000,13.600000
258.400000,102.200000,42.400000,13.600000
261.800000,102.600000,41.400000,12.400000
265.200000,102.600000,42.200000,12.800000
268.800000,102.200000,42.000000,12.600000
270.400000,101.600000,42.800000,13.200000
274.200000,101.600000,41.800000,12.800000
276.000000,102.200000,40.000000,12.200000
280.400000,101.200000,40.400000,12.800000
284.200000,101.200000,44.600000,12.800000
290.200000,102.000000,41.600000,11.600000
296.000000,102.000000,38.200000,12.000000
303.600000,102.000000,37.200000,12.000000
306.600000,101.600000,35.600000,11.800000
306.400000,99.800000,38.200000,11.800000
310.400000,98.200000,36.000000,11.600000
