303.600000,101.200000,15.600000,5.600000
303.600000,100.400000,16.000000,5.800000
303.800000,99.600000,16.600000,6.000000
304.400000,100.400000,16.000000,5.800000
304.800000,99.600000,16.000000,5.800000
304.600000,99.000000,15.200000,5.400000
304.600000,98.800000,15.000000,5.400000
304.600000,98.200000,15.200000,5.400000
304.000000,97.600000,15.200000,5.400000
304.600000,97.200000,14.800000,5.200000
305.200000,97.800000,14.200000,5.000000
305.000000,97.200000,14.800000,5.200000
306.000000,97.800000,14.200000,5.000000
306.200000,98.400000,14.400000,5.200000
306.000000,97.600000,14.800000,5.200000
306.000000,97.800000,15.000000,5.400000
305.800000,98.200000,15.200000,5.400000
305.600000,97.600000,15.200000,5.400000
306.000000,98.000000,15.000000,5.400000
306.000000,97.600000,15.200000,5.400000
306.000000,97.000000,14.800000,5.200000
305.600000,97.000000,14.800000,5.200000
305.400000,96.600000,15.200000,5.400000
305.000000,97.000000,16.000000,5.800000
305.200000,97.400000,15.200000,5.400000
304.600000,96.600000,16.000000,5.800000
304.000000,96.000000,15.200000,5.400000
301.800000,95.400000,16.000000,5.800000
302.600000,95.200000,15.200000,5.400000
303.000000,97.000000,14.800000,5.200000
301.800000,95.000000,15.200000,5.400000
299.800000,93.000000,16.000000,5.800000
299.400000,93.000000,16.600000,6.000000
298.600000,92.000000,17.200000,6.200000
298.800000,92.000000,16.800000,6.000000
299.000000,92.600000,17.200000,6.200000
299.400000,93.200000,16.800000,6.000000
299.400000,93.200000,16.800000,6.000000
299.600000,93.600000,16.800000,6.000000
300.200000,93.200000,16.800000,6.000000
299.400000,92.200000,17.200000,6.200000
299.400000,92.400000,16.800000,6.000000
299.400000,91.400000,16.800000,6.000000
299.000000,90.400000,16.800000,6.000000
298.200000,90.000000,16.200000,5.800000
297.000000,90.000000,16.600000,6.000000
296.600000,89.200000,16.600000,6.000000
296.400000,89.400000,16.800000,6.000000
296.600000,89.800000,17.600000,6.400000
297.000000,89.600000,16.800000,6.000000
297.200000,89.400000,16.800000,6.000000
296.800000,89.200000,17.600000,6.400000
296.600000,87.800000,18.200000,6.600000
296.800000,87.600000,18.200000,6.600000
296.800000,86.600000,18.200000,6.600000
297.400000,86.800000,17.600000,6.400000
297.400000,86.000000,17.600000,6.400000
297.200000,85.000000,18.000000,6.400000
297.200000,85.000000,17.600000,6.400000
297.800000,85.200000,16.800000,6.000000
297.200000,84.200000,16.200000,5.800000
296.800000,84.400000,16.800000,6.000000
296.600000,83.600000,17.600000,6.400000
295.600000,82.400000,18.000000,6.400000
295.200000,82.800000,17.200000,6.200000
294.000000,84.000000,16.600000,6.000000
294.200000,84.600000,16.000000,5.800000
294.000000,85.600000,16.000000,5.800000
292.400000,84.000000,16.200000,5.800000
291.600000,82.000000,16.200000,5.800000
292.400000,81.000000,16.000000,5.800000
291.600000,79.200000,16.200000,5.800000
292.000000,76.600000,16.000000,5.800000
291.000000,75.400000,16.200000,5.800000
291.000000,74.600000,16.200000,5.800000
291.200000,75.400000,16.000000,5.800000
291.000000,76.000000,16.600000,6.000000
290.400000,75.800000,16.600000,6.000000
291.000000,76.600000,16.000000,5.800000
290.800000,76.400000,16.000000,5.800000
291.000000,75.800000,15.200000,5.400000
291.200000,75.800000,15.000000,5.400000
291.400000,75.000000,15.000000,5.400000
291.000000,73.600000,15.000000,5.400000
290.800000,73.800000,15.000000,5.400000
290.600000,74.800000,15.000000,5.400000
290.000000,74.400000,15.000000,5.400000
289.600000,73.800000,14.400000,5.200000
289.200000,73.400000,15.000000,5.400000
289.200000,72.600000,14.400000,5.200000
288.400000,73.000000,15.000000,5.400000
288.200000,73.000000,15.000000,5.400000
287.400000,72.600000,15.000000,5.400000
287.600000,72.200000,15.000000,5.400000
287.400000,72.600000,15.000000,5.400000
287.000000,72.800000,15.000000,5.400000
287.000000,73.600000,15.000000,5.400000
287.000000,73.800000,15.000000,5.400000
287.000000,73.600000,15.000000,5.400000
286.800000,73.800000,15.000000,5.400000
286.800000,74.600000,15.000000,5.400000
286.800000,74.000000,14.800000,5.200000
286.600000,74.600000,15.000000,5.400000
286.200000,74.200000,14.800000,5.200000
286.000000,73.400000,15.000000,5.400000
285.800000,73.000000,15.000000,5.400000
285.600000,72.800000,15.000000,5.400000
285.800000,73.200000,15.000000,5.400000
285.400000,72.600000,15.000000,5.400000
285.200000,73.000000,15.000000,5.400000
285.200000,73.000000,15.000000,5.400000
285.000000,72.800000,15.000000,5.400000
284.400000,72.800000,15.000000,5.400000
284.000000,72.200000,15.000000,5.400000
284.000000,71.600000,14.800000,5.200000
283.600000,72.200000,15.000000,5.400000
282.200000,72.000000,14.800000,5.200000
282.200000,71.000000,15.000000,5.400000
282.000000,70.400000,15.000000,5.400000
281.600000,69.400000,15.200000,5.400000
281.600000,68.800000,15.000000,5.400000
281.200000,68.600000,15.000000,5.400000
280.800000,69.000000,15.000000,5.400000
279.800000,69.600000,15.000000,5.400000
279.800000,70.000000,15.000000,5.400000
278.000000,72.600000,14.800000,5.200000
277.600000,74.200000,15.000000,5.400000
277.600000,74.000000,15.200000,5.400000
277.800000,74.600000,15.000000,5.400000
277.800000,74.800000,15.000000,5.400000
277.600000,74.200000,15.000000,5.400000
277.400000,74.400000,15.200000,5.400000
277.200000,75.200000,15.000000,5.400000
277.200000,75.400000,15.000000,5.400000
277.400000,75.600000,15.000000,5.400000
277.400000,76.600000,15.000000,5.400000
277.000000,79.400000,15.200000,5.400000
277.000000,78.600000,15.000000,5.400000
277.000000,78.000000,15.000000,5.400000
276.800000,77.800000,15.000000,5.400000
276.600000,77.600000,15.000000,5.400000
276.800000,77.600000,15.000000,5.400000
276.600000,77.800000,15.000000,5.400000
276.600000,78.000000,15.000000,5.400000
276.800000,79.600000,15.000000,5.400000
276.400000,80.600000,15.200000,5.400000
276.200000,80.400000,15.000000,5.400000
276.400000,80.600000,15.000000,5.400000
276.200000,80.800000,15.000000,5.400000
276.000000,80.600000,15.000000,5.400000
275.800000,80.000000,15.000000,5.400000
275.600000,80.000000,15.000000,5.400000
275.600000,80.000000,15.000000,5.400000
275.200000,79.800000,15.000000,5.400000
275.400000,80.200000,15.000000,5.400000
275.400000,81.400000,15.000000,5.400000
275.000000,80.800000,15.000000,5.400000
275.000000,80.600000,15.000000,5.400000
275.000000,81.600000,14.800000,5.200000
274.800000,81.600000,15.000000,5.400000
274.600000,81.600000,15.000000,5.400000
273.600000,83.000000,15.000000,5.400000
273.800000,82.600000,15.000000,5.400000
273.800000,83.200000,15.000000,5.400000
274.000000,83.800000,15.000000,5.400000
273.600000,83.000000,15.000000,5.400000
274.000000,83.600000,15.200000,5.400000
274.400000,84.000000,15.000000,5.400000
274.200000,84.000000,15.000000,5.400000
275.000000,83.800000,15.000000,5.400000
275.200000,83.800000,15.000000,5.400000
275.400000,83.800000,15.000000,5.400000
275.600000,83.000000,15.000000,5.400000
276.200000,83.800000,15.000000,5.400000
276.000000,83.600000,15.000000,5.400000
275.600000,82.600000,15.000000,5.400000
275.200000,83.400000,15.000000,5.400000
274.600000,83.200000,15.000000,5.400000
273.800000,83.600000,15.000000,5.400000
273.400000,84.200000,15.000000,5.400000
273.000000,83.600000,15.000000,5.400000
272.400000,84.200000,14.400000,5.200000
272.400000,84.400000,15.000000,5.400000
272.000000,84.000000,15.000000,5.400000
271.800000,84.200000,15.000000,5.400000
272.000000,85.000000,15.000000,5.400000
272.200000,85.000000,15.000000,5.400000
272.200000,84.400000,15.000000,5.400000
272.200000,83.800000,15.000000,5.400000
272.200000,83.200000,15.000000,5.400000
272.000000,82.800000,15.000000,5.400000
272.800000,83.600000,15.000000,5.400000
272.800000,83.400000,15.000000,5.400000
273.000000,82.600000,14.400000,5.200000
272.800000,83.400000,15.000000,5.400000
272.800000,84.000000,15.000000,5.400000
273.200000,85.400000,15.000000,5.400000
273.200000,86.200000,15.000000,5.400000
273.200000,86.000000,15.000000,5.400000
273.200000,86.400000,15.000000,5.400000
273.000000,86.600000,15.000000,5.400000
273.200000,86.400000,15.000000,5.400000
273.000000,87.000000,15.000000,5.400000
273.200000,87.400000,14.400000,5.200000
273.000000,87.600000,15.000000,5.400000
272.800000,87.800000,15.000000,5.400000
272.600000,87.600000,15.000000,5.400000
272.600000,87.800000,15.000000,5.400000
272.600000,87.800000,15.000000,5.400000
272.400000,87.600000,15.000000,5.400000
272.200000,87.400000,15.000000,5.400000
272.200000,88.000000,15.000000,5.400000
272.400000,88.000000,15.000000,5.400000
272.600000,87.400000,15.000000,5.400000
272.600000,87.200000,15.000000,5.400000
272.600000,87.000000,15.200000,5.400000
272.800000,86.600000,15.000000,5.400000
272.600000,85.800000,15.000000,5.400000
272.800000,85.800000,15.000000,5.400000
273.000000,85.800000,15.000000,5.400000
273.200000,85.800000,15.000000,5.400000
273.200000,86.200000,15.000000,5.400000
273.800000,85.400000,14.800000,5.200000
273.800000,85.200000,15.000000,5.400000
274.000000,85.200000,15.000000,5.400000
274.000000,85.200000,15.000000,5.400000
275.200000,85.000000,15.000000,5.400000
276.400000,84.600000,14.400000,5.200000
276.200000,84.400000,15.000000,5.400000
276.800000,83.600000,14.400000,5.200000
276.400000,83.000000,15.000000,5.400000
277.000000,83.400000,15.000000,5.400000
277.000000,83.400000,15.000000,5.400000
276.800000,83.800000,15.000000,5.400000
276.600000,84.400000,15.000000,5.400000
276.400000,85.000000,15.200000,5.400000
276.400000,85.400000,15.000000,5.400000
276.200000,86.000000,15.000000,5.400000
275.800000,85.800000,15.000000,5.400000
275.600000,85.600000,15.000000,5.400000
275.400000,85.800000,15.000000,5.400000
275.000000,85.800000,15.000000,5.400000
274.400000,85.600000,14.800000,5.200000
273.600000,86.000000,15.000000,5.400000
271.800000,86.200000,15.000000,5.400000
270.600000,85.600000,15.200000,5.400000
270.400000,85.400000,15.000000,5.400000
270.200000,85.400000,15.000000,5.400000
269.800000,85.200000,15.000000,5.400000
269.200000,86.000000,15.000000,5.400000
269.600000,87.000000,14.800000,5.200000
269.400000,87.200000,15.000000,5.400000
269.200000,87.200000,15.000000,5.400000
269.000000,87.400000,15.000000,5.400000
269.200000,88.000000,15.000000,5.400000
269.200000,87.600000,14.400000,5.200000
269.000000,87.600000,14.800000,5.200000
269.000000,88.200000,15.000000,5.400000
269.200000,88.600000,15.000000,5.400000
269.000000,88.600000,15.000000,5.400000
268.800000,88.600000,15.000000,5.400000
269.000000,88.200000,15.000000,5.400000
269.000000,88.200000,15.200000,5.400000
269.000000,88.600000,15.200000,5.400000
269.000000,88.600000,15.000000,5.400000
269.200000,88.000000,15.000000,5.400000
269.200000,87.800000,15.000000,5.400000
269.000000,87.400000,15.000000,5.400000
269.200000,86.800000,14.400000,5.200000
269.200000,86.600000,14.200000,5.000000
269.400000,87.000000,14.200000,5.000000
269.000000,86.800000,14.400000,5.200000
269.000000,87.000000,15.000000,5.400000
269.000000,87.200000,15.000000,5.400000
269.000000,87.600000,15.000000,5.400000
268.800000,88.000000,15.000000,5.400000
268.600000,88.000000,15.000000,5.400000
268.800000,87.600000,14.800000,5.200000
268.800000,87.600000,14.800000,5.200000
268.600000,86.400000,15.000000,5.400000
268.600000,85.800000,14.400000,5.200000
268.800000,86.000000,13.800000,5.000000
269.000000,85.400000,13.400000,4.800000
269.400000,85.000000,13.000000,4.600000
269.400000,85.000000,13.400000,4.800000
269.000000,85.200000,13.800000,5.000000
268.800000,85.200000,14.200000,5.000000
268.600000,85.200000,14.200000,5.000000
268.000000,85.200000,14.200000,5.000000
267.200000,85.000000,14.800000,5.200000
267.200000,85.200000,15.000000,5.400000
267.400000,85.000000,15.000000,5.400000
267.200000,85.000000,15.000000,5.400000
268.000000,85.400000,14.400000,5.200000
267.800000,86.000000,15.000000,5.400000
267.800000,86.200000,15.000000,5.400000
268.000000,86.800000,15.000000,5.400000
268.200000,88.000000,15.000000,5.400000
268.200000,88.400000,15.000000,5.400000
268.000000,89.400000,15.000000,5.400000
