12.000000,63.200000,10.400000,4.400000
15.000000,63.200000,10.400000,4.400000
17.600000,63.200000,10.600000,4.400000
24.000000,63.600000,10.400000,4.400000
24.200000,63.800000,10.400000,4.400000
27.200000,63.800000,10.800000,4.600000
30.200000,63.800000,11.200000,4.800000
33.000000,63.600000,11.800000,5.000000
36.600000,64.000000,11.400000,4.800000
39.200000,64.000000,11.800000,5.000000
42.400000,64.000000,12.200000,5.200000
45.400000,64.200000,11.800000,5.000000
48.000000,64.000000,12.200000,5.200000
51.000000,64.200000,12.200000,5.200000
54.000000,64.200000,12.600000,5.400000
56.800000,64.000000,13.200000,5.600000
60.200000,64.400000,13.000000,5.400000
63.400000,64.600000,12.600000,5.400000
66.600000,64.800000,12.200000,5.200000
69.600000,64.800000,11.800000,5.000000
72.600000,65.000000,11.800000,5.000000
75.800000,65.400000,11.800000,5.000000
79.000000,65.600000,11.200000,4.800000
82.000000,65.800000,11.200000,4.800000
84.800000,65.400000,11.800000,5.000000
87.800000,65.800000,11.400000,4.800000
90.800000,65.600000,11.800000,5.000000
93.600000,65.800000,12.200000,5.200000
96.600000,65.800000,11.800000,5.000000
99.600000,66.000000,11.800000,5.000000
102.800000,66.200000,11.400000,4.800000
105.600000,66.400000,11.400000,4.800000
108.400000,66.400000,11.400000,4.800000
111.800000,66.600000,11.800000,5.000000
114.400000,66.600000,11.400000,4.800000
117.800000,67.200000,11.000000,4.600000
120.600000,67.200000,11.000000,4.600000
123.400000,67.200000,10.800000,4.600000
126.400000,67.400000,10.800000,4.600000
129.400000,67.400000,10.800000,4.600000
132.600000,67.600000,10.600000,4.400000
135.400000,67.600000,11.000000,4.600000
138.200000,67.800000,10.800000,4.600000
141.000000,68.000000,10.800000,4.600000
144.000000,68.000000,11.000000,4.600000
146.800000,67.800000,11.400000,4.800000
149.600000,67.800000,11.800000,5.000000
152.400000,67.800000,11.800000,5.000000
155.400000,68.000000,12.200000,5.200000
158.200000,68.000000,12.200000,5.200000
161.000000,68.000000,12.400000,5.200000
163.800000,68.200000,12.600000,5.400000
166.800000,68.400000,12.200000,5.200000
169.600000,68.400000,12.600000,5.400000
172.800000,68.600000,12.400000,5.200000
175.400000,68.400000,12.600000,5.400000
178.400000,68.800000,12.200000,5.200000
181.200000,68.800000,11.800000,5.000000
184.000000,68.800000,12.000000,5.000000
187.000000,69.000000,11.400000,4.800000
189.600000,68.800000,11.800000,5.000000
192.600000,69.000000,11.800000,5.000000
195.400000,69.200000,11.400000,4.800000
198.200000,69.200000,12.000000,5.000000
200.800000,69.200000,12.400000,5.200000
203.800000,69.400000,12.600000,5.400000
206.600000,69.400000,12.600000,5.400000
209.400000,69.800000,12.200000,5.200000
212.200000,69.800000,11.800000,5.000000
215.000000,69.800000,12.000000,5.000000
217.800000,70.000000,12.000000,5.000000
220.600000,70.000000,12.400000,5.200000
223.400000,70.400000,12.200000,5.200000
226.000000,70.400000,12.600000,5.400000
228.800000,70.600000,12.400000,5.200000
231.600000,70.600000,12.600000,5.400000
234.400000,70.800000,12.600000,5.400000
237.000000,70.800000,13.000000,5.400000
239.600000,70.800000,13.000000,5.400000
239.400000,70.600000,13.400000,5.600000
245.400000,71.200000,13.000000,5.400000
248.200000,71.600000,12.400000,5.200000
250.800000,71.600000,12.000000,5.000000
253.600000,71.600000,12.200000,5.200000
256.400000,71.800000,12.200000,5.200000
259.200000,71.800000,11.800000,5.000000
261.800000,71.800000,12.000000,5.000000
264.400000,72.000000,11.800000,5.000000
267.200000,72.200000,12.200000,5.200000
269.600000,74.200000,12.200000,5.200000
272.200000,76.200000,11.800000,5.000000
274.800000,77.000000,11.800000,5.000000
277.600000,77.800000,11.800000,5.000000
277.400000,77.800000,12.000000,5.000000
282.400000,89.000000,12.400000,5.200000
