283.200000,94.200000,31.400000,11.200000
290.200000,91.800000,30.200000,10.800000
294.800000,90.200000,30.800000,11.000000
304.200000,86.400000,30.800000,11.000000
309.800000,85.200000,31.400000,11.200000
315.200000,84.000000,31.400000,11.200000
323.400000,81.000000,30.800000,11.000000
330.600000,78.800000,30.800000,11.000000
335.000000,78.200000,31.400000,11.200000
338.600000,78.600000,30.200000,10.800000
342.400000,78.600000,29.600000,10.600000
344.800000,78.000000,30.200000,10.800000
345.400000,70.600000,29.600000,10.600000
345.000000,68.600000,30.200000,10.800000
340.400000,65.600000,29.000000,10.400000
333.600000,59.600000,30.200000,10.800000
330.800000,56.200000,29.600000,10.600000
330.400000,53.400000,30.200000,10.800000
330.600000,57.400000,29.600000,10.600000
330.200000,69.000000,29.600000,10.600000
331.400000,69.200000,30.800000,11.000000
333.800000,70.200000,30.800000,11.000000
334.000000,72.000000,30.800000,11.000000
333.200000,76.000000,29.600000,10.600000
334.000000,78.600000,28.400000,10.200000
335.800000,79.000000,27.400000,9.800000
337.200000,82.000000,26.200000,9.400000
338.600000,82.000000,25.800000,9.200000
340.600000,79.800000,25.200000,9.000000
342.400000,77.600000,24.200000,8.600000
343.400000,75.800000,25.200000,9.000000
345.600000,74.600000,24.200000,8.600000
346.400000,72.600000,25.200000,9.000000
347.000000,71.200000,24.200000,8.600000
343.800000,71.400000,23.400000,8.400000
342.000000,69.200000,23.400000,8.400000
340.800000,66.600000,23.400000,8.400000
337.000000,63.800000,23.400000,8.400000
335.200000,62.000000,22.800000,8.200000
339.600000,62.200000,23.400000,8.400000
349.800000,64.800000,22.800000,8.200000
355.200000,63.600000,23.400000,8.400000
356.600000,61.200000,23.400000,8.400000
358.600000,59.000000,23.800000,8.400000
360.400000,57.000000,23.800000,8.400000
362.000000,56.000000,23.800000,8.400000
364.200000,55.800000,22.800000,8.200000
365.600000,54.800000,22.000000,7.800000
363.600000,53.800000,22.000000,7.800000
360.200000,55.200000,22.000000,7.800000
358.400000,56.200000,22.800000,8.200000
357.800000,56.000000,22.800000,8.200000
355.800000,52.400000,22.800000,8.200000
354.800000,50.400000,23.400000,8.400000
354.200000,48.800000,22.400000,8.000000
352.400000,46.800000,23.400000,8.400000
351.600000,46.000000,23.400000,8.400000
351.400000,45.800000,22.800000,8.200000
351.200000,45.400000,22.000000,7.800000
351.200000,45.400000,21.200000,7.600000
350.600000,45.200000,20.400000,7.200000
340.000000,49.000000,20.800000,7.400000
327.000000,51.200000,21.600000,7.600000
314.000000,49.000000,20.800000,7.400000
294.200000,42.800000,21.200000,7.600000
280.200000,33.600000,21.200000,7.600000
279.000000,33.200000,20.400000,7.200000
280.200000,33.400000,20.400000,7.200000
282.600000,33.600000,20.800000,7.400000
284.600000,34.200000,20.000000,7.200000
286.400000,34.600000,19.200000,6.800000
288.000000,35.000000,19.200000,6.800000
291.200000,36.000000,18.400000,6.600000
293.800000,36.800000,18.400000,6.600000
296.000000,39.000000,18.400000,6.600000
296.200000,43.800000,18.400000,6.600000
294.600000,48.800000,18.800000,6.600000
293.800000,52.400000,18.400000,6.600000
292.400000,56.000000,18.400000,6.600000
292.800000,56.800000,17.600000,6.400000
293.200000,57.800000,18.400000,6.600000
294.400000,59.200000,18.400000,6.600000
296.200000,61.400000,18.400000,6.600000
299.400000,64.400000,17.600000,6.400000
