255.600000,76.400000,30.000000,10.600000
257.200000,75.400000,31.200000,11.000000
259.400000,75.600000,30.600000,10.800000
261.200000,76.800000,30.000000,10.600000
263.800000,77.800000,30.000000,10.600000
266.000000,77.800000,31.200000,11.000000
267.600000,78.800000,30.600000,10.800000
269.800000,78.600000,31.200000,11.000000
273.200000,78.400000,30.000000,10.600000
274.400000,78.200000,31.200000,11.000000
276.600000,78.400000,30.000000,10.600000
278.000000,78.600000,29.400000,10.400000
277.000000,79.400000,30.000000,10.600000
276.800000,79.400000,31.200000,11.000000
278.400000,79.200000,30.600000,10.800000
280.200000,79.400000,29.400000,10.400000
281.400000,79.400000,28.800000,10.200000
280.400000,80.600000,27.800000,9.800000
278.800000,81.600000,27.800000,9.800000
279.200000,81.200000,28.800000,10.200000
280.000000,81.200000,28.800000,10.200000
281.600000,81.200000,28.200000,10.000000
283.400000,81.200000,28.200000,10.000000
285.200000,80.200000,28.800000,10.200000
287.800000,80.200000,27.800000,9.800000
289.800000,80.000000,26.600000,9.400000
292.400000,79.800000,25.600000,9.000000
295.000000,80.000000,24.600000,8.600000
297.200000,80.200000,23.600000,8.400000
298.000000,80.600000,23.600000,8.400000
299.600000,80.800000,22.800000,8.000000
298.800000,81.600000,23.600000,8.400000
299.800000,81.800000,23.600000,8.400000
301.400000,81.600000,22.800000,8.000000
301.600000,82.000000,23.600000,8.400000
302.600000,82.800000,23.200000,8.200000
301.400000,85.000000,22.200000,7.800000
302.200000,85.200000,22.800000,8.000000
304.800000,84.800000,23.200000,8.200000
309.200000,87.800000,23.600000,8.400000
314.800000,89.600000,23.200000,8.200000
321.400000,93.000000,22.200000,7.800000
326.400000,95.400000,23.200000,8.200000
330.600000,95.400000,23.600000,8.400000
335.000000,97.000000,22.800000,8.000000
339.000000,97.800000,23.200000,8.200000
342.000000,97.400000,22.800000,8.000000
345.400000,97.000000,21.800000,7.800000
348.600000,96.600000,21.000000,7.400000
351.800000,98.200000,21.000000,7.400000
355.200000,96.800000,20.200000,7.200000
358.600000,96.000000,20.600000,7.200000
361.600000,96.600000,19.800000,7.000000
364.200000,96.200000,19.000000,6.800000
366.200000,96.200000,18.600000,6.600000
368.200000,96.400000,19.000000,6.800000
