134.200000,46.000000,7.200000,3.600000
135.800000,46.000000,7.000000,3.600000
137.600000,46.000000,7.000000,3.400000
139.200000,45.800000,7.000000,3.400000
140.200000,45.400000,7.200000,3.600000
142.200000,45.200000,7.000000,3.600000
143.400000,45.200000,7.000000,3.600000
145.000000,45.000000,7.000000,3.600000
146.200000,45.000000,7.200000,3.600000
147.800000,44.800000,7.400000,3.800000
149.400000,44.600000,7.200000,3.600000
151.000000,44.400000,7.400000,3.600000
152.600000,44.400000,7.000000,3.600000
154.200000,44.200000,7.000000,3.600000
155.400000,44.000000,7.200000,3.600000
157.200000,44.000000,7.000000,3.600000
158.600000,44.000000,7.400000,3.600000
160.200000,43.800000,7.000000,3.600000
161.800000,43.400000,7.400000,3.600000
163.400000,43.400000,7.000000,3.600000
165.000000,43.200000,7.400000,3.600000
166.400000,43.000000,7.200000,3.600000
168.000000,43.000000,7.000000,3.600000
169.400000,42.800000,7.200000,3.600000
171.200000,42.800000,7.000000,3.600000
173.200000,42.400000,7.000000,3.400000
174.600000,42.400000,7.000000,3.400000
176.200000,42.200000,7.000000,3.600000
177.400000,42.000000,7.200000,3.600000
179.000000,42.000000,7.200000,3.600000
180.400000,41.800000,7.200000,3.600000
182.200000,41.600000,7.200000,3.600000
183.800000,41.400000,7.400000,3.800000
185.400000,41.400000,7.200000,3.600000
187.000000,41.200000,7.400000,3.800000
188.200000,41.000000,7.800000,3.800000
189.800000,40.800000,7.600000,3.800000
191.400000,40.800000,7.800000,3.800000
193.200000,40.600000,7.400000,3.800000
194.800000,40.200000,7.600000,3.800000
196.400000,40.200000,7.800000,3.800000
198.000000,40.000000,7.600000,3.800000
199.600000,39.800000,7.600000,3.800000
201.200000,39.800000,7.600000,3.800000
203.000000,39.800000,7.400000,3.800000
204.400000,39.600000,7.800000,3.800000
206.200000,39.200000,7.600000,3.800000
208.000000,39.200000,7.400000,3.800000
209.600000,39.000000,7.800000,3.800000
211.000000,38.800000,7.600000,3.800000
212.800000,38.800000,7.600000,3.800000
214.400000,38.800000,7.800000,3.800000
216.000000,38.400000,7.800000,3.800000
217.800000,38.200000,7.600000,3.800000
219.400000,38.200000,7.800000,3.800000
221.000000,38.000000,7.800000,3.800000
222.800000,37.800000,7.600000,3.800000
224.200000,37.800000,8.000000,4.000000
226.000000,37.600000,8.000000,4.000000
227.800000,37.400000,7.600000,3.800000
229.600000,37.200000,7.800000,3.800000
231.200000,37.200000,7.800000,3.800000
232.800000,36.800000,8.000000,4.000000
234.400000,36.800000,8.000000,4.000000
235.800000,36.600000,8.200000,4.200000
237.400000,36.400000,8.400000,4.200000
239.400000,36.000000,8.200000,4.000000
241.400000,36.200000,7.800000,3.800000
243.000000,36.000000,7.800000,3.800000
244.800000,35.800000,7.600000,3.800000
246.400000,35.800000,7.800000,3.800000
248.200000,35.600000,8.000000,4.000000
249.600000,35.200000,8.200000,4.000000
251.600000,35.000000,8.200000,4.000000
253.600000,35.000000,7.800000,3.800000
255.200000,35.000000,7.600000,3.800000
257.000000,34.800000,7.600000,3.800000
258.600000,34.800000,7.800000,3.800000
260.200000,34.400000,8.200000,4.000000
262.000000,34.200000,8.200000,4.000000
264.000000,34.200000,7.800000,3.800000
265.800000,34.000000,7.800000,3.800000
267.400000,33.800000,8.200000,4.000000
268.600000,33.600000,8.400000,4.200000
270.800000,33.200000,8.200000,4.200000
272.400000,33.000000,8.400000,4.200000
274.400000,32.800000,8.200000,4.200000
276.200000,32.800000,8.200000,4.200000
277.800000,32.600000,8.200000,4.000000
280.000000,32.600000,7.800000,3.800000
281.800000,32.200000,7.800000,3.800000
283.400000,32.000000,8.200000,4.000000
285.200000,31.800000,8.200000,4.200000
286.800000,31.800000,8.200000,4.000000
288.400000,31.600000,8.400000,4.200000
290.000000,31.200000,8.800000,4.400000
291.800000,31.200000,9.000000,4.400000
294.000000,31.000000,8.600000,4.400000
295.600000,30.600000,8.800000,4.400000
297.400000,30.600000,9.000000,4.400000
299.200000,30.600000,8.600000,4.400000
301.000000,30.400000,8.800000,4.400000
303.200000,30.200000,8.600000,4.400000
305.200000,29.800000,8.400000,4.200000
307.200000,29.800000,8.200000,4.000000
309.000000,29.600000,8.200000,4.000000
310.400000,29.600000,8.400000,4.200000
312.200000,29.400000,8.400000,4.200000
314.400000,29.200000,8.200000,4.200000
316.200000,28.800000,8.400000,4.200000
318.200000,28.800000,8.200000,4.000000
320.000000,28.600000,8.400000,4.200000
321.400000,28.400000,8.800000,4.400000
323.200000,28.200000,8.800000,4.400000
325.200000,28.200000,8.600000,4.400000
327.200000,27.800000,8.400000,4.200000
329.200000,27.600000,8.600000,4.400000
331.000000,27.600000,8.600000,4.400000
332.800000,27.400000,8.800000,4.400000
334.600000,27.200000,9.000000,4.400000
336.400000,27.000000,9.400000,4.600000
338.200000,26.600000,9.200000,4.600000
340.000000,26.400000,9.400000,4.600000
341.800000,26.400000,9.400000,4.600000
343.600000,26.200000,9.600000,4.800000
345.600000,26.200000,9.400000,4.600000
348.000000,25.800000,9.000000,4.400000
350.200000,25.800000,8.600000,4.400000
352.000000,25.600000,8.600000,4.400000
354.000000,25.600000,8.600000,4.400000
355.800000,25.600000,8.800000,4.400000
357.400000,25.400000,9.200000,4.600000
359.600000,25.400000,8.800000,4.400000
361.000000,25.200000,9.200000,4.600000
363.200000,24.800000,9.000000,4.400000
365.000000,24.800000,9.400000,4.600000
366.800000,24.400000,9.200000,4.600000
368.600000,24.000000,9.600000,4.800000
370.800000,24.000000,9.400000,4.600000
372.800000,23.600000,9.200000,4.600000
375.000000,23.000000,9.200000,4.600000
377.000000,23.400000,9.000000,4.400000
379.000000,24.400000,8.600000,4.400000
379.800000,23.600000,9.000000,4.400000
379.200000,23.200000,9.200000,4.600000
378.200000,22.800000,9.000000,4.400000
374.400000,22.400000,9.200000,4.600000
368.400000,22.400000,8.800000,4.400000
359.800000,22.400000,9.000000,4.400000
350.000000,22.200000,9.000000,4.400000
340.200000,22.000000,9.400000,4.600000
329.400000,21.400000,9.600000,4.800000
316.400000,21.000000,9.800000,5.000000
