223.200000,71.200000,15.000000,43.800000
223.800000,68.400000,13.200000,43.600000
223.400000,65.000000,13.200000,44.600000
220.400000,65.000000,16.200000,43.800000
219.000000,66.000000,16.800000,44.600000
219.400000,66.800000,14.800000,43.400000
218.000000,67.400000,15.200000,42.200000
217.600000,68.400000,13.800000,42.600000
216.200000,74.000000,12.800000,41.800000
213.200000,80.200000,14.400000,40.800000
211.000000,82.600000,14.800000,41.400000
210.800000,83.400000,13.400000,40.000000
210.000000,81.000000,12.800000,40.200000
209.000000,82.200000,13.000000,39.800000
208.600000,82.200000,13.400000,39.400000
210.000000,84.400000,14.200000,39.200000
210.800000,84.400000,14.800000,38.600000
213.400000,85.000000,13.800000,37.600000
214.800000,85.400000,13.800000,38.600000
215.600000,88.200000,14.000000,36.800000
216.600000,88.400000,14.200000,37.600000
216.600000,91.000000,14.400000,35.800000
215.600000,90.600000,14.000000,36.800000
215.600000,93.600000,12.400000,36.000000
213.400000,94.800000,13.200000,36.200000
208.600000,95.000000,15.200000,36.000000
205.800000,94.000000,13.800000,35.800000
200.400000,95.000000,14.800000,36.200000
195.200000,99.200000,14.400000,36.200000
188.600000,100.200000,15.200000,35.600000
187.200000,105.000000,13.800000,34.800000
187.200000,108.800000,14.800000,34.600000
188.000000,111.200000,14.800000,34.200000
188.200000,111.600000,13.200000,34.400000
190.400000,113.000000,12.800000,33.400000
190.800000,111.200000,12.600000,30.400000
192.000000,111.600000,12.800000,30.600000
192.800000,112.200000,13.000000,32.800000
194.400000,113.000000,12.600000,32.000000
196.600000,117.800000,13.000000,31.400000
199.400000,118.200000,11.600000,31.600000
200.000000,117.400000,11.400000,32.800000
200.400000,116.800000,12.800000,31.400000
201.000000,118.200000,11.400000,30.200000
200.800000,119.200000,12.600000,32.000000
198.200000,119.600000,13.800000,31.600000
196.200000,120.200000,13.200000,30.800000
194.200000,120.200000,12.400000,31.400000
190.400000,118.800000,13.000000,30.800000
185.800000,117.400000,14.200000,29.800000
182.000000,115.800000,14.200000,30.600000
177.000000,115.400000,14.400000,30.000000
172.400000,114.400000,14.200000,29.000000
167.200000,113.600000,13.800000,28.600000
162.800000,113.000000,13.800000,29.000000
158.000000,112.000000,12.800000,28.600000
154.400000,110.600000,12.200000,28.200000
150.800000,107.800000,12.000000,29.400000
149.000000,108.200000,11.800000,27.600000
147.600000,108.400000,11.800000,28.000000
146.200000,108.400000,10.800000,27.000000
145.200000,107.400000,11.000000,27.600000
147.200000,110.200000,10.400000,26.600000
147.200000,110.600000,11.800000,26.800000
150.000000,112.600000,11.400000,26.600000
150.000000,112.000000,11.800000,27.600000
151.000000,111.600000,11.000000,27.200000
151.400000,111.200000,10.000000,27.200000
153.400000,113.400000,10.400000,26.800000
154.400000,113.000000,11.200000,26.800000
155.600000,113.600000,9.600000,26.000000
156.200000,113.400000,10.000000,25.800000
156.200000,113.600000,10.000000,25.200000
158.000000,114.400000,10.000000,24.800000
158.600000,115.800000,9.000000,26.200000
159.400000,118.400000,9.200000,25.200000
161.000000,122.000000,9.800000,25.200000
162.000000,124.400000,9.800000,25.200000
163.200000,124.000000,9.200000,25.200000
165.200000,123.600000,8.600000,23.800000
165.800000,124.400000,10.800000,23.400000
168.000000,123.600000,8.600000,23.600000
168.200000,123.600000,9.000000,23.200000
169.400000,122.200000,8.800000,23.200000
170.000000,122.200000,9.000000,24.200000
170.800000,123.000000,8.800000,24.400000
171.400000,122.600000,8.200000,23.400000
171.800000,121.600000,7.600000,24.200000
171.800000,121.600000,9.200000,23.800000
172.400000,121.000000,9.000000,23.000000
174.200000,124.400000,9.000000,23.400000
175.600000,127.400000,9.600000,22.400000
176.200000,128.400000,7.600000,22.800000
177.000000,126.400000,8.200000,24.200000
177.000000,126.800000,9.200000,22.800000
178.000000,125.800000,9.200000,22.000000
178.600000,124.800000,9.400000,21.600000
179.400000,124.000000,8.200000,22.000000
178.600000,124.000000,9.400000,21.000000
