351.800000,185.400000,16.600000,30.600000
334.400000,182.600000,15.000000,33.200000
325.600000,175.800000,15.600000,40.200000
323.800000,168.800000,15.600000,41.400000
319.400000,166.000000,16.200000,41.800000
315.800000,164.400000,15.000000,41.000000
308.000000,163.000000,15.400000,40.000000
302.400000,156.800000,14.800000,39.200000
297.600000,152.000000,13.800000,38.200000
287.000000,153.600000,14.800000,39.000000
278.000000,158.200000,13.000000,38.600000
273.400000,155.000000,14.600000,37.200000
270.400000,151.600000,13.400000,36.800000
265.800000,147.800000,13.600000,36.600000
261.000000,145.800000,14.200000,36.400000
257.600000,144.000000,14.200000,37.200000
254.200000,142.000000,14.000000,35.400000
248.600000,143.600000,13.800000,34.600000
243.400000,142.200000,14.600000,33.800000
238.200000,138.400000,13.600000,33.800000
233.400000,136.000000,13.600000,33.800000
227.600000,138.200000,13.200000,32.800000
222.000000,139.200000,13.800000,32.800000
217.600000,137.400000,12.000000,32.400000
213.800000,136.000000,12.400000,32.200000
209.400000,135.800000,11.600000,31.400000
205.800000,137.200000,12.800000,31.000000
203.800000,140.200000,12.000000,30.800000
199.600000,139.800000,13.200000,31.200000
195.600000,139.600000,13.800000,30.200000
190.400000,137.800000,14.400000,30.400000
185.200000,134.800000,13.000000,29.200000
183.200000,136.400000,13.800000,29.000000
184.800000,138.200000,11.400000,29.000000
182.800000,136.000000,11.600000,29.000000
182.800000,135.000000,11.600000,29.000000
182.000000,133.400000,10.400000,28.200000
180.000000,131.600000,11.400000,29.400000
178.600000,133.000000,10.800000,28.200000
176.600000,134.800000,11.400000,27.400000
174.800000,134.800000,10.000000,27.800000
173.800000,134.000000,9.600000,27.000000
173.400000,134.000000,10.000000,27.600000
173.200000,133.600000,10.000000,26.600000
172.000000,131.200000,10.400000,27.200000
171.400000,130.600000,9.600000,26.800000
170.800000,128.800000,9.600000,26.000000
170.800000,127.400000,10.000000,26.600000
170.800000,129.200000,8.800000,25.600000
170.000000,129.200000,9.000000,25.800000
168.600000,131.000000,9.600000,25.000000
167.600000,129.600000,9.600000,24.400000
165.200000,128.400000,10.600000,24.200000
163.200000,128.200000,10.000000,24.000000
161.000000,127.800000,9.800000,23.400000
158.200000,128.200000,10.000000,23.400000
154.400000,128.200000,10.000000,23.000000
149.400000,128.200000,12.000000,22.400000
149.400000,131.200000,12.400000,22.200000
146.600000,133.600000,13.800000,21.800000
140.000000,134.800000,14.800000,20.600000
