32.400000,189.600000,12.200000,26.400000
31.400000,179.200000,12.000000,29.600000
43.400000,167.400000,11.400000,30.400000
45.800000,162.000000,11.200000,30.600000
42.400000,153.400000,10.400000,31.400000
42.000000,145.000000,10.400000,31.000000
46.200000,141.200000,11.000000,30.400000
48.000000,141.000000,10.800000,30.600000
48.000000,143.400000,11.600000,32.400000
46.200000,149.200000,11.000000,30.600000
47.000000,157.400000,10.600000,32.400000
45.800000,168.400000,11.800000,30.000000
54.800000,174.000000,11.000000,30.400000
61.400000,176.400000,10.600000,32.400000
58.000000,180.600000,11.600000,32.800000
59.400000,182.200000,12.000000,32.800000
59.600000,185.800000,12.200000,30.200000
62.000000,187.800000,12.600000,28.200000
62.000000,191.200000,13.600000,24.600000
64.400000,193.600000,12.600000,22.400000
64.400000,195.800000,13.000000,20.200000
64.800000,198.200000,13.400000,17.600000
67.000000,201.000000,12.000000,14.400000
68.000000,203.000000,12.400000,13.000000
69.600000,205.000000,11.200000,11.000000
71.400000,205.800000,10.600000,10.200000
73.800000,207.200000,10.600000,8.800000
77.000000,208.200000,9.400000,7.800000
80.000000,208.200000,9.400000,7.600000
83.200000,206.800000,8.800000,9.200000
85.800000,198.200000,11.400000,17.800000
83.400000,182.600000,13.200000,32.400000
80.000000,174.400000,12.800000,33.800000
73.200000,173.600000,13.400000,34.200000
71.000000,168.200000,14.800000,33.400000
74.200000,164.000000,13.800000,33.400000
78.000000,163.000000,12.800000,34.200000
82.400000,159.800000,13.200000,34.600000
89.000000,151.200000,14.400000,34.200000
93.800000,147.200000,15.200000,34.800000
99.000000,147.200000,14.200000,35.400000
102.800000,145.800000,14.200000,34.800000
105.600000,141.600000,13.800000,34.400000
107.200000,142.600000,13.600000,34.600000
110.400000,144.400000,11.600000,33.800000
111.800000,145.400000,12.600000,34.800000
114.400000,143.000000,12.600000,35.800000
115.600000,142.000000,13.800000,35.200000
117.000000,143.000000,13.400000,36.200000
119.000000,143.600000,14.200000,35.600000
121.400000,142.000000,14.200000,35.400000
124.200000,140.200000,14.000000,37.000000
125.200000,141.600000,14.200000,35.600000
127.600000,141.000000,15.800000,36.400000
132.000000,139.800000,14.200000,36.000000
132.400000,139.800000,15.200000,36.000000
136.200000,138.800000,14.800000,37.600000
141.000000,135.800000,14.600000,38.200000
142.800000,134.400000,16.200000,37.800000
144.800000,135.400000,14.800000,38.200000
145.800000,136.400000,15.000000,38.000000
150.400000,135.400000,14.400000,38.600000
154.200000,134.000000,14.000000,37.600000
155.200000,135.000000,14.400000,38.400000
158.600000,136.400000,13.400000,38.600000
159.600000,138.400000,14.600000,38.400000
160.000000,138.200000,13.400000,39.200000
162.800000,137.400000,12.400000,38.600000
162.800000,137.400000,15.200000,38.400000
163.200000,138.400000,13.800000,40.000000
161.800000,138.200000,14.000000,39.000000
159.600000,131.000000,14.600000,40.200000
159.000000,122.200000,14.200000,40.000000
158.600000,119.200000,12.800000,40.400000
156.600000,119.800000,13.800000,40.000000
155.200000,118.400000,15.600000,39.800000
154.800000,114.400000,15.200000,40.600000
153.400000,113.400000,16.000000,40.000000
153.800000,115.400000,15.800000,40.600000
155.800000,117.200000,14.600000,40.600000
156.600000,116.400000,15.400000,40.400000
158.600000,112.600000,14.200000,39.000000
160.000000,110.200000,15.600000,38.600000
161.400000,107.800000,15.600000,40.400000
162.800000,105.400000,16.200000,41.000000
163.200000,103.400000,15.800000,41.400000
160.800000,102.200000,15.800000,41.800000
162.000000,103.600000,15.200000,41.200000
162.800000,105.000000,15.200000,41.400000
161.800000,104.800000,16.200000,42.000000
160.400000,103.400000,17.200000,42.400000
160.400000,103.000000,14.400000,41.800000
159.600000,102.200000,14.200000,41.800000
156.600000,101.600000,17.200000,42.800000
155.800000,101.200000,16.600000,42.800000
154.400000,102.000000,16.600000,42.000000
153.800000,103.000000,18.000000,42.000000
154.200000,104.000000,16.600000,43.200000
154.200000,104.400000,16.800000,43.800000
153.200000,102.600000,17.600000,43.800000
151.400000,99.800000,18.200000,44.600000
150.400000,98.200000,19.200000,44.400000
149.400000,96.400000,16.800000,44.800000
147.200000,95.800000,18.400000,45.200000
145.800000,95.400000,19.000000,44.800000
143.400000,96.800000,17.600000,45.400000
140.800000,96.800000,17.800000,48.200000
139.000000,97.200000,18.200000,47.200000
137.000000,98.800000,19.200000,47.200000
136.200000,101.000000,20.400000,48.200000
139.400000,103.000000,19.200000,49.000000
139.600000,103.600000,19.800000,48.600000
138.200000,102.600000,20.400000,49.000000
136.600000,99.800000,21.000000,49.800000
133.400000,96.800000,21.000000,49.200000
130.400000,95.000000,21.400000,49.800000
128.000000,94.000000,21.000000,48.600000
124.400000,93.600000,21.200000,49.400000
122.000000,93.000000,22.200000,51.800000
120.800000,93.400000,21.000000,50.600000
120.000000,93.600000,21.400000,52.800000
117.000000,94.400000,21.600000,51.600000
114.400000,94.800000,22.800000,53.600000
111.000000,94.800000,22.400000,52.400000
107.000000,94.000000,23.000000,52.400000
103.200000,93.400000,23.000000,52.600000
100.800000,92.200000,21.600000,53.600000
97.200000,91.600000,23.200000,52.000000
94.400000,91.200000,23.600000,53.200000
92.000000,91.200000,23.800000,53.800000
92.800000,80.200000,24.200000,59.000000
93.400000,80.200000,24.600000,58.200000
95.600000,82.000000,25.200000,59.000000
97.600000,85.000000,26.200000,58.000000
99.600000,87.800000,25.600000,59.400000
100.800000,91.600000,25.800000,59.600000
102.400000,96.000000,25.600000,60.000000
104.400000,99.200000,25.200000,61.400000
104.400000,102.600000,26.000000,61.000000
104.800000,106.000000,24.600000,62.400000
105.200000,109.800000,25.800000,62.400000
105.600000,112.600000,24.800000,62.800000
102.800000,115.800000,26.800000,63.800000
103.800000,118.400000,25.200000,64.600000
103.200000,121.600000,25.800000,64.800000
101.800000,125.400000,27.800000,64.200000
102.000000,128.400000,26.600000,66.000000
102.000000,132.000000,26.200000,66.400000
100.000000,132.600000,26.600000,67.000000
99.400000,133.600000,24.400000,68.400000
95.200000,135.400000,29.200000,67.200000
93.800000,134.000000,27.600000,68.000000
91.800000,129.600000,26.800000,68.600000
91.400000,125.000000,26.600000,69.400000
89.400000,123.400000,26.400000,70.200000
88.000000,121.600000,26.400000,71.000000
87.000000,120.600000,27.800000,71.000000
84.800000,119.600000,28.000000,71.600000
82.400000,120.200000,28.400000,70.800000
80.400000,123.000000,30.600000,70.000000
79.000000,123.400000,29.600000,72.000000
78.000000,125.400000,30.600000,71.400000
74.800000,126.000000,33.200000,73.800000
75.800000,126.400000,31.200000,75.200000
73.800000,126.400000,31.400000,75.800000
73.400000,124.000000,31.000000,76.600000
71.800000,123.000000,31.400000,75.800000
73.400000,122.600000,31.400000,75.600000
73.400000,122.000000,31.000000,77.600000
73.200000,122.600000,30.600000,77.600000
72.400000,123.600000,30.400000,78.600000
71.400000,124.000000,31.400000,79.000000
68.600000,122.600000,32.400000,78.400000
67.200000,120.600000,32.200000,80.600000
63.800000,119.600000,34.200000,81.600000
62.000000,122.000000,33.600000,83.400000
61.400000,125.000000,32.800000,82.400000
60.400000,128.200000,33.000000,82.800000
59.000000,127.200000,32.800000,82.000000
57.600000,122.200000,35.200000,84.200000
55.800000,117.400000,36.600000,85.600000
56.600000,112.200000,37.600000,84.200000
56.200000,104.400000,37.200000,83.400000
53.400000,93.600000,37.600000,84.200000
51.000000,84.400000,37.000000,84.800000
49.600000,78.800000,34.600000,83.400000
46.600000,78.200000,36.800000,83.800000
53.200000,83.400000,36.400000,83.800000
67.000000,88.400000,37.400000,85.200000
85.200000,95.000000,39.000000,83.800000
104.800000,101.200000,38.000000,84.600000
117.600000,106.400000,38.000000,85.600000
123.200000,113.400000,40.000000,86.200000
125.800000,120.200000,40.400000,85.600000
125.800000,126.000000,41.200000,87.000000
123.200000,132.200000,41.600000,83.800000
119.000000,136.800000,40.800000,79.200000
112.800000,143.600000,42.000000,72.400000
109.600000,148.800000,42.400000,67.200000
103.400000,154.400000,41.800000,61.400000
98.200000,160.600000,43.200000,55.400000
92.000000,164.800000,43.000000,51.200000
87.200000,167.400000,44.200000,48.600000
82.000000,172.200000,44.000000,43.800000
74.200000,175.400000,46.200000,40.600000
71.000000,183.000000,45.400000,33.000000
67.200000,191.600000,44.000000,24.400000
70.000000,205.400000,36.200000,10.600000
