211.200000,88.800000,15.800000,4.400000
210.200000,90.000000,16.200000,4.400000
208.800000,90.000000,16.400000,4.600000
208.200000,89.000000,16.400000,4.600000
207.000000,89.800000,16.400000,4.600000
206.000000,89.600000,16.400000,4.600000
204.800000,89.400000,16.400000,4.600000
203.800000,89.800000,16.400000,4.600000
202.600000,90.200000,16.400000,4.600000
201.400000,91.000000,16.200000,4.600000
200.400000,90.400000,16.400000,4.600000
199.400000,90.400000,16.400000,4.600000
198.400000,91.400000,16.200000,4.400000
197.400000,91.200000,16.000000,4.400000
196.400000,91.200000,15.600000,4.400000
195.600000,91.200000,16.000000,4.400000
194.800000,91.400000,15.600000,4.400000
193.400000,91.000000,15.600000,4.400000
192.400000,91.000000,16.000000,4.400000
191.400000,91.200000,16.000000,4.400000
190.400000,91.200000,16.000000,4.400000
189.200000,91.200000,16.000000,4.400000
188.200000,91.200000,16.200000,4.600000
187.200000,91.400000,16.400000,4.600000
185.800000,91.200000,16.400000,4.600000
184.600000,91.200000,16.200000,4.400000
183.800000,91.400000,16.000000,4.400000
183.000000,92.000000,15.600000,4.400000
182.000000,92.000000,15.600000,4.400000
180.800000,91.600000,16.000000,4.400000
179.800000,91.800000,15.600000,4.400000
178.800000,91.800000,15.600000,4.400000
177.600000,91.600000,16.000000,4.400000
176.400000,91.600000,16.000000,4.400000
175.400000,91.800000,15.600000,4.400000
174.200000,91.600000,16.000000,4.400000
173.200000,91.600000,16.000000,4.400000
172.000000,92.000000,16.000000,4.400000
171.000000,92.000000,15.600000,4.400000
169.800000,92.000000,15.600000,4.400000
168.800000,92.000000,16.000000,4.400000
167.800000,92.000000,15.600000,4.400000
166.800000,91.800000,16.000000,4.400000
165.400000,91.800000,16.200000,4.600000
164.600000,91.600000,16.400000,4.600000
163.800000,91.800000,16.400000,4.600000
162.600000,91.800000,16.400000,4.600000
161.400000,91.800000,16.600000,4.600000
160.400000,92.000000,16.600000,4.600000
159.400000,92.000000,16.600000,4.600000
158.000000,92.400000,16.400000,4.600000
156.800000,92.400000,16.800000,4.600000
156.000000,92.400000,16.400000,4.600000
155.000000,92.400000,16.200000,4.600000
154.000000,92.400000,16.000000,4.400000
153.000000,92.400000,15.600000,4.400000
152.000000,92.400000,15.600000,4.400000
151.000000,92.400000,15.600000,4.400000
149.800000,92.400000,16.000000,4.400000
148.400000,92.200000,16.200000,4.600000
147.400000,92.200000,16.200000,4.400000
146.400000,92.400000,16.400000,4.600000
145.200000,92.400000,16.200000,4.400000
144.000000,92.600000,16.400000,4.600000
143.000000,92.600000,16.200000,4.600000
141.800000,92.600000,16.400000,4.600000
140.600000,92.600000,16.400000,4.600000
139.600000,92.600000,16.400000,4.600000
138.600000,92.600000,16.400000,4.600000
137.400000,92.600000,16.400000,4.600000
136.400000,92.600000,16.400000,4.600000
135.200000,92.600000,16.400000,4.600000
134.200000,92.600000,16.400000,4.600000
133.000000,92.600000,16.200000,4.600000
132.000000,92.600000,16.400000,4.600000
131.000000,92.600000,16.400000,4.600000
129.800000,92.600000,16.400000,4.600000
128.800000,92.600000,16.400000,4.600000
127.600000,92.600000,16.800000,4.600000
126.400000,92.800000,16.400000,4.600000
125.400000,92.800000,16.400000,4.600000
124.200000,92.800000,16.400000,4.600000
123.000000,92.800000,16.400000,4.600000
122.000000,92.800000,16.400000,4.600000
121.000000,92.800000,16.400000,4.600000
119.600000,92.800000,16.600000,4.600000
118.400000,92.800000,17.000000,4.800000
117.200000,92.800000,17.200000,4.800000
116.400000,93.000000,17.000000,4.800000
115.000000,93.000000,17.000000,4.800000
114.000000,93.000000,17.000000,4.800000
112.600000,93.000000,17.200000,4.800000
111.400000,92.800000,17.600000,5.000000
110.400000,93.000000,17.200000,4.800000
109.400000,93.000000,17.000000,4.800000
108.200000,93.000000,17.000000,4.800000
106.800000,93.400000,17.200000,4.800000
106.200000,92.400000,16.800000,4.600000
104.800000,92.400000,16.400000,4.600000
103.600000,92.200000,16.800000,4.600000
897.800000,92.200000,17.200000,4.600000
96.600000,92.200000,17.400000,4.600000
95.600000,92.400000,17.000000,4.600000
94.400000,92.600000,17.000000,4.600000
93.200000,92.600000,16.600000,4.400000
92.200000,92.600000,16.600000,4.400000
90.800000,92.800000,17.000000,4.600000
89.600000,92.800000,17.400000,4.600000
88.800000,92.600000,17.000000,4.600000
87.800000,92.800000,16.600000,4.400000
86.200000,93.400000,16.400000,4.400000
85.200000,92.600000,16.600000,4.400000
86.400000,92.600000,16.600000,4.400000
88.200000,92.600000,16.600000,4.400000
92.600000,92.600000,16.600000,4.400000
100.400000,92.600000,16.600000,4.400000
107.800000,92.400000,16.600000,4.400000
115.600000,91.600000,16.600000,4.400000
119.800000,91.600000,17.000000,4.600000
124.200000,91.800000,16.600000,4.400000
127.000000,91.800000,16.400000,4.400000
130.000000,91.600000,16.000000,4.200000
133.200000,91.400000,15.800000,4.200000
137.000000,91.000000,15.600000,4.200000
141.200000,91.000000,15.800000,4.200000
144.600000,91.000000,16.200000,4.400000
147.600000,90.800000,16.400000,4.400000
152.200000,90.000000,16.600000,4.400000
156.400000,90.000000,17.000000,4.600000
161.000000,90.000000,17.000000,4.600000
165.800000,90.000000,17.000000,4.600000
168.800000,90.000000,16.600000,4.400000
171.800000,90.000000,16.600000,4.400000
176.000000,89.800000,16.600000,4.400000
179.400000,89.800000,16.400000,4.400000
182.200000,89.200000,16.600000,4.400000
185.200000,89.000000,17.000000,4.600000
187.200000,89.000000,17.400000,4.600000
189.400000,89.000000,17.000000,4.600000
191.200000,89.000000,17.400000,4.600000
192.600000,89.000000,17.400000,4.600000
193.400000,89.000000,17.800000,4.800000
193.800000,88.800000,18.000000,4.800000
194.800000,89.000000,17.800000,4.800000
195.600000,89.000000,17.400000,4.600000
197.000000,88.800000,17.400000,4.600000
199.800000,88.800000,17.000000,4.600000
203.400000,88.800000,16.600000,4.400000
206.800000,88.200000,17.000000,4.600000
210.000000,88.200000,17.400000,4.600000
212.800000,88.200000,17.400000,4.600000
216.000000,88.200000,17.000000,4.600000
220.000000,87.400000,17.400000,4.600000
223.400000,87.600000,17.400000,4.600000
227.800000,87.600000,17.800000,4.800000
232.000000,87.600000,17.400000,4.600000
236.000000,87.600000,17.600000,4.600000
240.000000,87.600000,17.600000,4.600000
244.200000,87.400000,17.800000,4.800000
248.400000,86.800000,17.800000,4.800000
252.200000,86.800000,17.400000,4.600000
255.800000,86.800000,17.800000,4.800000
259.200000,86.800000,17.400000,4.600000
261.400000,86.800000,17.000000,4.600000
263.800000,86.800000,16.600000,4.400000
266.000000,86.800000,16.600000,4.400000
267.800000,86.800000,16.600000,4.400000
269.600000,86.800000,16.600000,4.400000
271.800000,86.800000,16.400000,4.400000
274.000000,86.800000,16.000000,4.200000
276.400000,86.800000,16.000000,4.200000
278.800000,86.200000,16.200000,4.400000
280.400000,86.200000,16.200000,4.400000
281.400000,86.000000,16.200000,4.400000
282.200000,86.200000,16.200000,4.400000
283.000000,86.200000,16.200000,4.400000
283.200000,86.000000,16.200000,4.400000
284.000000,86.000000,16.200000,4.400000
285.200000,86.000000,16.200000,4.400000
286.600000,86.000000,16.200000,4.400000
288.000000,86.000000,16.200000,4.400000
290.400000,85.800000,16.200000,4.400000
292.000000,85.800000,16.600000,4.400000
293.800000,85.800000,16.400000,4.400000
295.000000,85.800000,14.400000,4.200000
296.200000,85.800000,16.600000,4.400000
295.000000,85.800000,16.600000,4.400000
293.800000,85.800000,16.200000,4.400000
292.200000,85.800000,16.600000,4.400000
290.800000,85.800000,16.600000,4.400000
289.400000,86.000000,16.600000,4.400000
287.800000,86.000000,16.600000,4.400000
286.600000,85.800000,16.600000,4.400000
285.000000,86.000000,16.600000,4.400000
284.000000,86.000000,16.600000,4.400000
282.400000,86.000000,16.600000,4.400000
281.000000,86.000000,16.400000,4.200000
279.800000,86.000000,16.600000,4.400000
278.400000,86.000000,16.600000,4.400000
277.000000,86.000000,16.600000,4.400000
269.000000,86.000000,18.000000,4.400000
267.600000,86.200000,18.400000,4.400000
266.000000,86.200000,18.400000,4.400000
264.800000,86.200000,18.400000,4.400000
263.400000,86.600000,18.200000,4.400000
262.200000,86.600000,18.200000,4.400000
260.600000,86.600000,18.200000,4.400000
259.200000,86.600000,18.200000,4.400000
257.600000,86.800000,18.200000,4.400000
256.000000,86.800000,18.600000,4.600000
253.800000,86.800000,18.600000,4.600000
252.800000,86.800000,18.600000,4.600000
252.000000,86.800000,18.200000,4.400000
251.000000,86.800000,18.200000,4.400000
249.200000,86.800000,18.600000,4.600000
248.000000,86.800000,18.600000,4.600000
246.800000,86.800000,18.600000,4.600000
245.000000,87.000000,18.600000,4.600000
244.000000,87.000000,18.200000,4.400000
242.400000,87.000000,18.200000,4.400000
241.000000,87.000000,18.600000,4.600000
240.000000,87.000000,18.600000,4.600000
239.600000,87.000000,18.600000,4.600000
240.000000,87.200000,18.200000,4.400000
240.200000,87.200000,18.400000,4.400000
240.400000,87.200000,18.400000,4.400000
239.600000,87.200000,18.400000,4.400000
239.200000,87.400000,18.200000,4.400000
238.200000,87.400000,18.200000,4.400000
237.400000,87.600000,17.800000,4.400000
236.800000,87.800000,17.800000,4.400000
236.400000,87.600000,17.800000,4.400000
236.200000,87.400000,17.800000,4.400000
236.400000,87.200000,17.800000,4.400000
237.200000,87.200000,18.200000,4.400000
237.800000,87.200000,17.800000,4.400000
238.400000,87.200000,18.200000,4.400000
238.200000,87.200000,18.200000,4.400000
238.600000,87.400000,17.800000,4.400000
238.600000,87.400000,18.200000,4.400000
238.400000,87.600000,17.800000,4.400000
239.000000,87.600000,17.800000,4.400000
239.400000,87.600000,17.800000,4.400000
238.600000,87.400000,17.800000,4.400000
237.400000,87.400000,17.800000,4.400000
236.000000,87.200000,18.200000,4.400000
234.600000,87.200000,17.800000,4.400000
233.600000,87.200000,18.200000,4.400000
232.200000,87.200000,18.600000,4.600000
231.000000,87.200000,19.000000,4.600000
229.200000,87.200000,19.200000,4.800000
227.600000,87.200000,19.600000,4.800000
226.200000,87.200000,19.600000,4.800000
224.800000,87.000000,20.000000,5.000000
223.400000,87.000000,20.000000,5.000000
221.800000,87.200000,19.600000,4.800000
220.200000,87.200000,20.000000,5.000000
218.800000,87.200000,20.400000,5.000000
217.400000,87.200000,20.000000,5.000000
216.000000,87.200000,20.400000,5.000000
214.800000,87.200000,20.800000,5.200000
213.200000,87.200000,20.400000,5.000000
211.800000,87.200000,20.800000,5.200000
210.600000,87.000000,21.400000,5.200000
209.200000,87.000000,21.800000,5.400000
209.600000,87.000000,21.800000,5.400000
211.800000,87.200000,21.800000,5.400000
213.600000,87.200000,21.800000,5.400000
214.200000,87.200000,21.800000,5.400000
214.600000,87.400000,21.400000,5.200000
215.800000,87.400000,21.400000,5.200000
216.600000,87.400000,21.400000,5.200000
217.400000,87.200000,21.400000,5.200000
219.000000,87.200000,21.400000,5.200000
220.400000,87.200000,20.800000,5.200000
221.200000,87.200000,20.400000,5.000000
221.800000,87.200000,20.800000,5.200000
222.000000,87.200000,20.800000,5.200000
221.800000,87.200000,20.400000,5.000000
222.000000,87.200000,20.800000,5.200000
221.600000,87.200000,20.800000,5.200000
220.800000,87.200000,20.800000,5.200000
220.600000,87.200000,20.800000,5.200000
221.000000,87.200000,20.800000,5.200000
221.200000,87.200000,20.400000,5.000000
221.400000,87.200000,20.400000,5.000000
221.800000,87.200000,20.000000,5.000000
222.000000,87.200000,20.000000,5.000000
222.600000,87.200000,20.400000,5.000000
223.400000,87.200000,20.000000,5.000000
223.600000,87.200000,20.400000,5.000000
223.000000,87.200000,20.400000,5.000000
222.000000,87.200000,20.800000,5.200000
219.800000,87.400000,20.400000,5.000000
218.400000,87.400000,20.600000,5.000000
216.600000,87.400000,20.800000,5.200000
215.000000,87.200000,21.400000,5.200000
213.400000,87.200000,21.400000,5.200000
211.800000,87.200000,21.800000,5.400000
210.200000,87.200000,21.400000,5.200000
205.000000,87.800000,22.000000,5.200000
203.800000,87.800000,22.400000,5.400000
201.800000,88.000000,22.400000,5.400000
200.200000,88.000000,22.400000,5.400000
198.600000,88.200000,22.000000,5.200000
197.000000,88.200000,22.000000,5.200000
195.200000,88.000000,22.400000,5.400000
193.400000,88.000000,22.800000,5.400000
192.000000,88.000000,22.400000,5.400000
190.200000,88.000000,22.400000,5.400000
188.600000,88.000000,22.800000,5.400000
186.000000,87.800000,23.400000,5.600000
185.200000,87.200000,23.400000,5.600000
183.200000,87.200000,23.200000,5.400000
182.400000,87.000000,23.600000,5.600000
181.800000,87.200000,23.200000,5.400000
180.400000,88.000000,22.800000,5.400000
178.600000,88.000000,23.400000,5.600000
177.400000,88.000000,23.600000,5.600000
175.800000,88.400000,23.200000,5.400000
175.000000,88.600000,22.600000,5.400000
174.800000,88.800000,22.200000,5.200000
174.800000,89.000000,22.000000,5.200000
176.200000,89.200000,22.000000,5.200000
178.800000,89.200000,21.600000,5.000000
182.000000,89.000000,22.000000,5.200000
184.600000,88.400000,22.400000,5.400000
186.000000,88.600000,22.000000,5.200000
186.200000,88.600000,22.400000,5.400000
187.400000,88.600000,22.800000,5.400000
189.600000,88.600000,22.400000,5.400000
191.600000,88.600000,22.400000,5.400000
193.200000,88.800000,22.000000,5.200000
193.200000,88.800000,21.600000,5.000000
192.200000,88.800000,22.000000,5.200000
191.600000,88.800000,21.600000,5.000000
192.400000,88.800000,21.600000,5.000000
194.400000,88.400000,21.800000,5.200000
196.000000,88.400000,21.800000,5.200000
198.000000,88.200000,22.000000,5.200000
198.400000,88.000000,22.000000,5.200000
204.600000,88.000000,22.200000,5.200000
199.000000,88.000000,22.600000,5.400000
199.000000,88.000000,23.200000,5.400000
200.200000,88.200000,23.200000,5.400000
201.200000,88.200000,23.200000,5.400000
202.800000,88.200000,22.800000,5.400000
203.600000,87.800000,22.800000,5.400000
204.400000,87.800000,22.400000,5.400000
205.000000,87.600000,22.400000,5.400000
204.600000,87.800000,22.400000,5.400000
204.600000,87.600000,22.400000,5.400000
204.600000,87.600000,22.400000,5.400000
204.200000,87.600000,22.800000,5.400000
203.800000,87.600000,23.400000,5.600000
203.400000,87.600000,23.400000,5.600000
203.400000,87.600000,23.400000,5.600000
203.600000,87.600000,22.800000,5.400000
203.400000,87.600000,22.400000,5.400000
203.600000,87.600000,22.800000,5.400000
204.200000,87.600000,22.400000,5.400000
206.600000,87.400000,22.800000,5.400000
209.400000,87.200000,23.400000,5.600000
211.800000,87.000000,23.200000,5.400000
214.000000,87.000000,23.400000,5.600000
215.400000,87.000000,22.800000,5.400000
216.800000,87.000000,22.400000,5.400000
218.200000,86.800000,22.000000,5.200000
220.400000,86.800000,21.600000,5.000000
222.000000,86.400000,21.800000,5.200000
221.800000,86.200000,22.000000,5.200000
221.600000,86.200000,22.000000,5.200000
221.000000,86.200000,22.400000,5.400000
222.000000,86.200000,22.800000,5.400000
224.800000,86.200000,22.400000,5.400000
227.600000,86.200000,22.000000,5.200000
229.800000,85.600000,22.400000,5.400000
231.000000,85.600000,22.000000,5.200000
232.400000,85.600000,22.400000,5.400000
234.200000,85.000000,22.200000,5.200000
236.600000,84.800000,22.400000,5.400000
240.000000,84.600000,22.400000,5.400000
242.200000,84.600000,22.000000,5.200000
244.000000,84.600000,22.000000,5.200000
245.800000,84.400000,22.400000,5.400000
246.600000,84.400000,22.000000,5.200000
245.000000,84.400000,22.000000,5.200000
243.000000,84.200000,22.400000,5.400000
241.000000,84.200000,22.400000,5.400000
239.000000,84.200000,22.000000,5.200000
236.200000,84.000000,22.000000,5.200000
235.000000,84.000000,21.600000,5.000000
232.400000,84.000000,21.200000,5.000000
231.000000,84.000000,21.400000,5.000000
229.000000,84.000000,21.400000,5.000000
227.200000,84.200000,21.400000,5.000000
225.400000,84.200000,21.800000,5.200000
223.400000,84.200000,22.200000,5.200000
222.000000,84.200000,22.600000,5.400000
219.800000,84.200000,23.200000,5.400000
213.000000,84.200000,25.000000,5.400000
212.000000,84.200000,25.600000,5.600000
212.000000,84.000000,26.000000,5.600000
214.600000,84.200000,25.600000,5.600000
216.800000,84.200000,25.000000,5.400000
217.000000,84.400000,24.800000,5.400000
216.600000,84.400000,25.200000,5.400000
214.200000,84.200000,25.800000,5.600000
212.800000,84.200000,26.200000,5.600000
215.200000,84.400000,25.800000,5.600000
215.800000,84.400000,26.200000,5.600000
218.200000,84.400000,25.800000,5.600000
220.800000,84.200000,25.200000,5.400000
221.000000,84.200000,25.000000,5.400000
220.600000,84.400000,24.600000,5.200000
218.800000,84.400000,25.000000,5.400000
218.200000,84.400000,25.200000,5.400000
217.800000,84.400000,25.800000,5.600000
218.800000,84.200000,26.200000,5.600000
220.200000,84.400000,25.800000,5.600000
222.200000,84.200000,25.200000,5.400000
224.400000,84.200000,25.200000,5.400000
227.400000,84.200000,24.800000,5.400000
230.400000,84.200000,25.200000,5.400000
233.600000,84.000000,24.800000,5.400000
234.200000,84.200000,24.200000,5.200000
234.600000,84.000000,24.800000,5.400000
235.600000,83.800000,24.200000,5.200000
234.800000,83.800000,24.200000,5.200000
234.800000,83.800000,23.800000,5.200000
236.200000,83.600000,23.600000,5.000000
238.200000,83.600000,24.000000,5.200000
239.600000,83.400000,24.000000,5.200000
239.600000,83.400000,24.000000,5.200000
238.000000,83.200000,24.600000,5.200000
237.800000,83.200000,24.800000,5.400000
236.200000,83.200000,25.200000,5.400000
234.600000,83.400000,25.200000,5.400000
233.000000,83.400000,25.800000,5.600000
233.000000,83.200000,26.200000,5.600000
233.800000,83.200000,25.800000,5.600000
233.600000,83.200000,25.200000,5.400000
235.000000,83.200000,25.200000,5.400000
235.200000,83.000000,25.000000,5.400000
234.200000,83.000000,25.000000,5.400000
233.000000,83.000000,25.000000,5.400000
233.000000,83.200000,24.800000,5.400000
232.200000,83.200000,25.200000,5.400000
230.600000,83.200000,25.000000,5.400000
229.400000,83.200000,25.200000,5.400000
229.200000,83.200000,25.800000,5.600000
231.400000,82.800000,25.200000,5.400000
231.000000,82.800000,25.600000,5.600000
234.600000,82.600000,25.600000,5.600000
234.400000,82.400000,25.600000,5.600000
234.000000,82.400000,25.600000,5.600000
233.800000,82.400000,25.000000,5.400000
233.400000,82.600000,24.800000,5.400000
232.200000,82.600000,25.000000,5.400000
231.600000,82.600000,25.000000,5.400000
230.800000,82.600000,25.600000,5.600000
230.000000,82.600000,25.000000,5.400000
229.600000,82.600000,25.000000,5.400000
229.000000,82.600000,25.600000,5.600000
226.600000,82.600000,25.600000,5.600000
225.400000,82.400000,25.600000,5.600000
225.400000,82.400000,25.600000,5.600000
225.000000,82.200000,26.000000,5.600000
224.000000,82.200000,26.600000,5.800000
225.200000,82.400000,26.600000,5.800000
226.000000,82.200000,26.600000,5.800000
227.200000,82.400000,26.800000,5.800000
229.800000,82.000000,26.600000,5.800000
229.800000,82.000000,26.200000,5.600000
231.600000,82.000000,25.800000,5.600000
232.400000,82.000000,25.200000,5.400000
233.200000,81.800000,25.800000,5.600000
234.400000,81.800000,26.200000,5.600000
234.800000,81.600000,26.000000,5.600000
235.400000,81.600000,26.000000,5.600000
236.600000,81.600000,25.600000,5.600000
237.600000,81.600000,25.000000,5.400000
237.800000,81.400000,25.600000,5.600000
238.000000,81.400000,25.000000,5.400000
237.800000,81.400000,24.600000,5.200000
237.800000,81.400000,24.000000,5.200000
238.000000,81.400000,24.000000,5.200000
237.200000,81.400000,24.000000,5.200000
236.000000,81.400000,24.000000,5.200000
234.400000,81.400000,24.000000,5.200000
232.600000,81.400000,24.200000,5.200000
232.000000,81.600000,23.800000,5.200000
231.000000,81.600000,23.600000,5.000000
230.200000,81.600000,23.600000,5.000000
230.000000,81.400000,23.800000,5.200000
230.600000,81.400000,24.200000,5.200000
231.000000,81.600000,23.800000,5.200000
230.600000,81.600000,23.800000,5.200000
230.400000,81.600000,24.000000,5.200000
229.200000,81.400000,24.000000,5.200000
226.600000,81.400000,25.600000,5.200000
225.200000,81.600000,25.000000,5.000000
224.800000,81.600000,24.600000,5.000000
224.200000,81.600000,24.200000,4.800000
222.000000,81.600000,24.200000,4.800000
220.000000,81.400000,24.400000,5.000000
219.000000,81.600000,24.400000,5.000000
218.200000,81.600000,24.800000,5.000000
217.200000,81.600000,25.000000,5.000000
216.600000,81.600000,25.000000,5.000000
214.800000,81.600000,24.600000,5.000000
214.200000,81.600000,24.400000,5.000000
214.000000,81.600000,24.800000,5.000000
215.000000,81.600000,25.000000,5.000000
215.800000,81.400000,25.600000,5.200000
216.600000,81.600000,25.000000,5.000000
217.000000,81.400000,25.600000,5.200000
216.200000,81.400000,25.600000,5.200000
214.200000,81.400000,25.600000,5.200000
213.000000,81.600000,25.000000,5.000000
211.600000,81.600000,25.600000,5.200000
210.000000,81.400000,25.800000,5.200000
209.200000,81.600000,26.200000,5.400000
211.200000,81.600000,25.600000,5.200000
213.600000,81.400000,26.200000,5.400000
215.800000,81.000000,26.600000,5.400000
216.600000,81.000000,26.400000,5.400000
215.800000,80.800000,25.800000,5.200000
216.400000,80.800000,25.400000,5.200000
217.400000,80.800000,25.400000,5.200000
217.800000,80.600000,25.400000,5.200000
217.000000,80.800000,25.400000,5.200000
216.400000,80.800000,25.400000,5.200000
216.800000,80.600000,25.400000,5.200000
215.400000,80.600000,25.400000,5.200000
214.400000,80.600000,24.800000,5.000000
211.800000,80.600000,25.400000,5.200000
210.800000,80.800000,25.400000,5.200000
209.800000,80.800000,25.400000,5.200000
208.600000,80.800000,25.400000,5.200000
208.400000,80.800000,25.400000,5.200000
209.600000,80.800000,25.400000,5.200000
209.800000,80.600000,25.400000,5.200000
208.800000,80.600000,25.600000,5.200000
207.800000,80.600000,25.600000,5.200000
207.800000,80.400000,25.800000,5.200000
208.000000,80.600000,25.800000,5.200000
207.800000,80.600000,25.800000,5.200000
205.600000,80.600000,25.800000,5.200000
205.400000,80.600000,25.400000,5.200000
204.800000,80.800000,24.800000,5.000000
204.400000,80.800000,25.400000,5.200000
204.000000,80.800000,24.800000,5.000000
203.600000,80.800000,25.400000,5.200000
203.000000,80.800000,25.400000,5.200000
201.600000,80.800000,24.800000,5.000000
200.000000,80.800000,24.400000,5.000000
200.000000,80.800000,24.800000,5.000000
200.000000,80.800000,25.400000,5.200000
202.600000,80.800000,24.800000,5.000000
204.800000,80.800000,24.800000,5.000000
205.600000,80.600000,25.000000,5.000000
205.000000,80.600000,25.600000,5.200000
205.200000,80.600000,25.000000,5.000000
204.200000,80.600000,25.600000,5.200000
203.200000,80.600000,25.000000,5.000000
202.000000,80.600000,25.600000,5.200000
201.400000,80.600000,25.600000,5.200000
200.800000,80.400000,25.800000,5.200000
199.800000,80.400000,26.200000,5.400000
199.200000,80.400000,26.600000,5.400000
197.200000,80.400000,26.600000,5.400000
195.200000,80.400000,26.600000,5.400000
194.600000,80.400000,26.200000,5.400000
193.400000,80.400000,26.200000,5.400000
192.400000,80.600000,25.600000,5.200000
191.400000,80.600000,25.000000,5.000000
192.200000,80.600000,24.800000,5.000000
191.800000,80.600000,25.000000,5.000000
191.600000,80.600000,25.400000,5.200000
194.000000,80.600000,25.600000,5.200000
196.400000,80.600000,25.400000,5.200000
197.200000,80.600000,24.800000,5.000000
196.800000,80.600000,25.400000,5.200000
197.800000,80.600000,25.600000,5.200000
198.800000,80.600000,25.600000,5.200000
199.200000,80.400000,25.600000,5.200000
199.600000,80.600000,25.000000,5.000000
199.200000,80.600000,24.600000,5.000000
198.000000,80.600000,25.000000,5.000000
197.800000,80.400000,25.600000,5.200000
197.600000,80.600000,25.600000,5.200000
196.600000,80.400000,26.200000,5.400000
196.600000,80.400000,26.200000,5.400000
196.400000,80.600000,25.600000,5.200000
195.600000,80.400000,26.200000,5.400000
194.000000,80.400000,26.400000,5.400000
194.200000,80.600000,25.800000,5.200000
195.600000,80.600000,25.400000,5.200000
194.400000,80.600000,25.800000,5.200000
