342.800000,87.600000,12.000000,5.000000
342.200000,87.600000,11.800000,5.000000
341.400000,87.600000,11.600000,4.800000
340.600000,87.800000,11.800000,5.000000
339.800000,87.600000,11.800000,5.000000
339.000000,87.800000,11.600000,4.800000
338.400000,88.000000,11.600000,4.800000
337.800000,87.800000,11.400000,4.800000
337.000000,87.800000,11.200000,4.600000
336.000000,88.000000,11.000000,4.600000
335.200000,88.000000,11.000000,4.600000
334.400000,88.000000,10.800000,4.600000
333.800000,88.000000,10.800000,4.600000
333.000000,88.000000,11.000000,4.600000
332.000000,88.200000,10.800000,4.600000
331.200000,88.200000,10.800000,4.600000
330.200000,88.200000,10.800000,4.600000
329.400000,88.400000,10.800000,4.600000
328.600000,88.400000,11.000000,4.600000
327.800000,88.400000,11.000000,4.600000
327.200000,88.400000,11.000000,4.600000
326.200000,88.400000,11.400000,4.800000
325.400000,88.400000,11.000000,4.600000
324.800000,87.600000,11.200000,4.600000
324.000000,87.600000,11.200000,4.600000
323.200000,88.600000,11.400000,4.800000
322.400000,88.600000,11.200000,4.600000
321.400000,88.000000,11.200000,4.600000
320.600000,88.000000,11.200000,4.600000
319.800000,88.800000,11.000000,4.600000
319.000000,88.800000,11.000000,4.600000
318.000000,88.600000,11.000000,4.600000
317.200000,88.400000,11.000000,4.600000
316.400000,88.600000,11.200000,4.600000
315.600000,88.600000,11.400000,4.800000
314.600000,88.400000,11.400000,4.800000
313.800000,88.600000,11.200000,4.600000
313.000000,88.600000,11.000000,4.600000
312.200000,88.600000,11.200000,4.600000
311.000000,88.600000,11.000000,4.600000
310.200000,88.400000,11.000000,4.600000
309.200000,88.400000,10.800000,4.600000
308.600000,88.400000,10.600000,4.400000
307.800000,88.600000,10.400000,4.400000
307.000000,88.600000,10.400000,4.400000
306.200000,88.600000,10.400000,4.400000
305.400000,88.600000,10.200000,4.200000
304.400000,88.600000,10.400000,4.400000
303.600000,88.800000,10.400000,4.400000
303.000000,88.800000,10.400000,4.400000
302.000000,88.800000,10.600000,4.400000
301.200000,88.600000,10.800000,4.600000
300.400000,88.800000,11.000000,4.600000
299.400000,89.000000,11.200000,4.600000
298.600000,89.000000,11.200000,4.600000
297.600000,89.000000,11.200000,4.600000
296.800000,89.000000,11.200000,4.600000
295.800000,89.200000,11.000000,4.600000
295.000000,89.000000,11.000000,4.600000
294.200000,88.800000,11.000000,4.600000
293.400000,89.000000,10.800000,4.600000
292.600000,89.000000,11.000000,4.600000
291.600000,88.800000,11.200000,4.600000
290.800000,89.000000,11.200000,4.600000
290.000000,89.000000,11.400000,4.800000
288.800000,89.000000,11.600000,4.800000
288.000000,89.000000,11.600000,4.800000
287.000000,89.000000,11.600000,4.800000
286.000000,89.200000,11.600000,4.800000
285.800000,88.600000,11.400000,4.800000
285.000000,88.600000,11.200000,4.600000
284.000000,88.600000,11.200000,4.600000
283.200000,88.600000,11.000000,4.600000
282.200000,88.600000,11.000000,4.600000
281.400000,88.600000,11.000000,4.600000
280.800000,88.600000,11.000000,4.600000
279.800000,88.400000,11.000000,4.600000
278.800000,87.600000,11.200000,4.600000
277.800000,87.600000,11.000000,4.600000
277.000000,87.600000,10.800000,4.600000
276.000000,88.600000,11.000000,4.600000
275.200000,88.800000,11.000000,4.600000
274.400000,88.800000,10.800000,4.400000
273.600000,88.800000,10.800000,4.400000
272.800000,88.800000,10.800000,4.600000
272.000000,88.800000,10.800000,4.600000
271.000000,88.600000,10.800000,4.600000
270.000000,88.600000,11.000000,4.600000
269.200000,88.800000,11.200000,4.600000
268.200000,88.800000,11.000000,4.600000
267.400000,88.800000,11.000000,4.600000
266.600000,89.000000,10.800000,4.400000
265.600000,89.000000,10.800000,4.600000
264.600000,89.000000,10.800000,4.600000
263.600000,89.000000,11.000000,4.600000
262.800000,89.000000,11.200000,4.600000
261.800000,89.000000,11.000000,4.600000
261.000000,89.000000,11.000000,4.600000
260.000000,89.000000,11.000000,4.600000
259.000000,89.000000,11.000000,4.600000
254.800000,89.000000,11.200000,4.600000
253.800000,89.000000,11.000000,4.600000
253.000000,89.000000,11.000000,4.600000
252.000000,89.000000,11.000000,4.600000
251.200000,89.200000,10.800000,4.600000
250.000000,89.400000,11.000000,4.600000
249.000000,89.400000,11.200000,4.600000
248.200000,89.400000,11.200000,4.600000
247.400000,89.600000,11.000000,4.600000
246.600000,89.600000,11.000000,4.600000
245.600000,89.400000,11.000000,4.600000
245.000000,89.200000,11.400000,4.800000
244.000000,89.200000,11.400000,4.800000
243.200000,89.000000,11.400000,4.800000
242.200000,89.000000,11.200000,4.600000
241.200000,89.200000,11.400000,4.800000
240.400000,89.200000,11.400000,4.800000
239.600000,89.400000,11.400000,4.800000
238.200000,89.000000,11.400000,4.800000
237.400000,89.000000,11.200000,4.600000
236.400000,89.600000,11.400000,4.800000
235.800000,89.600000,11.000000,4.600000
234.800000,89.600000,11.200000,4.600000
234.000000,89.600000,11.000000,4.600000
233.000000,89.600000,11.000000,4.600000
232.200000,89.600000,11.000000,4.600000
231.000000,89.600000,11.000000,4.600000
230.200000,89.600000,10.800000,4.400000
229.400000,89.600000,11.000000,4.600000
228.400000,89.600000,11.200000,4.600000
227.600000,89.800000,11.200000,4.600000
226.600000,89.800000,11.200000,4.600000
225.800000,89.800000,11.400000,4.800000
224.800000,89.800000,11.200000,4.600000
223.800000,89.800000,11.200000,4.600000
222.800000,89.800000,11.000000,4.600000
222.000000,89.800000,11.200000,4.600000
220.800000,89.800000,11.000000,4.600000
219.800000,89.800000,10.800000,4.400000
219.200000,89.800000,10.800000,4.600000
218.200000,90.000000,10.800000,4.600000
217.200000,90.000000,11.000000,4.600000
216.200000,89.800000,11.000000,4.600000
215.400000,90.000000,10.800000,4.600000
214.400000,90.000000,11.000000,4.600000
213.400000,89.800000,11.200000,4.600000
212.600000,90.000000,11.200000,4.600000
211.800000,90.200000,11.400000,4.800000
210.800000,90.000000,11.200000,4.600000
209.600000,90.200000,11.000000,4.600000
208.600000,90.200000,11.000000,4.600000
207.800000,90.200000,11.000000,4.600000
207.000000,90.200000,11.000000,4.600000
206.000000,90.200000,11.000000,4.600000
205.000000,90.200000,11.000000,4.600000
204.200000,90.200000,11.000000,4.600000
203.200000,90.000000,11.000000,4.600000
202.200000,90.000000,11.000000,4.600000
201.400000,90.000000,11.200000,4.600000
200.400000,90.200000,11.400000,4.800000
199.400000,90.200000,11.200000,4.600000
198.400000,90.200000,11.200000,4.600000
197.600000,90.400000,11.200000,4.600000
196.600000,90.400000,11.200000,4.600000
195.600000,90.600000,11.200000,4.600000
194.600000,90.600000,11.400000,4.600000
193.600000,90.600000,11.400000,4.600000
192.600000,90.600000,11.400000,4.600000
191.800000,90.600000,11.600000,4.800000
190.600000,90.600000,11.600000,4.800000
189.800000,90.600000,11.600000,4.800000
188.800000,90.600000,11.600000,4.800000
188.000000,90.600000,11.400000,4.600000
186.800000,90.600000,11.400000,4.600000
186.000000,90.600000,11.600000,4.600000
185.400000,90.600000,11.600000,4.600000
184.600000,90.600000,11.400000,4.600000
183.600000,90.600000,11.200000,4.600000
182.600000,90.600000,11.200000,4.600000
181.600000,90.600000,11.600000,4.600000
180.800000,90.600000,11.600000,4.600000
182.200000,90.600000,11.600000,4.800000
191.400000,90.200000,11.200000,4.600000
201.400000,89.800000,11.200000,4.600000
210.800000,89.400000,11.000000,4.600000
218.000000,89.400000,11.000000,4.600000
219.200000,89.200000,11.200000,4.600000
221.600000,89.000000,11.400000,4.800000
223.400000,89.000000,11.400000,4.800000
224.400000,89.000000,11.400000,4.800000
224.400000,89.000000,11.600000,4.800000
224.600000,89.000000,11.800000,5.000000
224.600000,89.000000,11.800000,5.000000
224.000000,89.000000,11.600000,4.800000
223.000000,89.000000,11.400000,4.800000
221.800000,88.800000,11.200000,4.600000
221.000000,88.800000,11.000000,4.600000
220.000000,88.800000,11.000000,4.600000
219.000000,88.800000,11.000000,4.600000
217.800000,89.000000,11.000000,4.600000
