80.400000,98.600000,31.400000,5.600000
80.600000,98.600000,32.000000,5.800000
80.800000,98.600000,32.400000,5.800000
81.000000,98.600000,33.000000,5.800000
81.600000,98.600000,33.400000,6.000000
81.600000,98.600000,33.400000,6.000000
82.200000,98.800000,33.400000,6.000000
82.400000,100.000000,32.600000,5.800000
83.200000,99.600000,32.400000,5.800000
83.600000,99.600000,32.000000,5.800000
84.000000,99.400000,32.000000,5.800000
84.800000,98.200000,31.800000,5.600000
85.200000,98.200000,31.400000,5.600000
84.800000,98.800000,31.000000,5.600000
86.000000,97.800000,30.400000,5.400000
86.200000,94.800000,30.800000,5.400000
86.600000,94.200000,30.400000,5.400000
86.800000,95.600000,30.800000,5.400000
87.400000,97.000000,31.400000,5.600000
87.800000,98.600000,31.800000,5.600000
88.600000,100.000000,31.800000,5.600000
88.400000,100.400000,32.400000,5.800000
89.000000,100.600000,32.400000,5.800000
89.800000,100.600000,31.800000,5.600000
90.200000,100.600000,32.000000,5.800000
90.400000,100.400000,32.000000,5.800000
90.600000,100.200000,32.400000,5.800000
91.400000,100.800000,31.800000,5.600000
91.800000,101.000000,31.400000,5.600000
92.000000,101.200000,32.000000,5.800000
92.000000,101.800000,32.000000,5.800000
92.800000,101.800000,31.400000,5.600000
92.800000,101.400000,31.800000,5.600000
93.600000,101.200000,31.400000,5.600000
94.000000,101.000000,31.000000,5.600000
95.000000,101.000000,30.400000,5.400000
95.200000,101.200000,30.800000,5.400000
95.200000,101.200000,31.400000,5.600000
95.600000,101.000000,31.400000,5.600000
95.800000,101.000000,32.000000,5.800000
96.600000,101.000000,31.400000,5.600000
96.600000,101.200000,32.000000,5.800000
97.200000,101.400000,31.800000,5.600000
97.400000,101.800000,31.800000,5.600000
97.600000,102.200000,32.000000,5.800000
98.200000,102.000000,31.800000,5.600000
98.800000,102.200000,31.400000,5.600000
99.200000,102.200000,31.000000,5.600000
99.600000,102.000000,31.400000,5.600000
100.000000,102.000000,31.000000,5.600000
100.600000,102.200000,30.400000,5.400000
100.800000,102.000000,30.800000,5.400000
101.200000,101.400000,31.000000,5.600000
101.400000,101.400000,31.000000,5.600000
102.000000,101.400000,31.000000,5.600000
102.400000,101.400000,31.000000,5.600000
102.600000,101.400000,31.800000,5.600000
102.800000,101.400000,31.800000,5.600000
104.000000,101.600000,31.000000,5.600000
104.600000,101.800000,30.400000,5.400000
104.600000,101.800000,31.000000,5.600000
105.000000,101.800000,30.800000,5.400000
105.000000,101.800000,31.400000,5.600000
105.600000,101.800000,31.400000,5.600000
105.400000,101.600000,32.000000,5.800000
106.000000,101.600000,31.400000,5.600000
107.000000,101.600000,30.800000,5.400000
107.400000,101.200000,30.400000,5.400000
107.800000,101.000000,30.800000,5.400000
108.200000,101.200000,31.000000,5.600000
108.400000,101.800000,31.400000,5.600000
109.000000,102.000000,31.000000,5.600000
109.600000,102.200000,31.000000,5.600000
109.800000,102.200000,31.000000,5.600000
110.000000,102.000000,31.000000,5.600000
110.400000,101.400000,31.000000,5.600000
110.400000,101.400000,31.400000,5.600000
111.000000,101.600000,31.400000,5.600000
111.200000,101.400000,32.000000,5.800000
111.600000,101.600000,31.400000,5.600000
112.400000,101.400000,30.800000,5.400000
112.400000,101.200000,31.400000,5.600000
112.800000,101.200000,31.400000,5.600000
113.800000,101.400000,30.800000,5.400000
113.800000,101.600000,31.400000,5.600000
114.600000,101.600000,30.800000,5.400000
114.600000,101.400000,31.400000,5.600000
115.200000,101.400000,30.800000,5.400000
115.600000,101.400000,30.800000,5.400000
115.800000,101.600000,31.400000,5.600000
116.200000,101.400000,31.800000,5.600000
117.000000,101.600000,31.000000,5.600000
117.200000,101.600000,31.000000,5.600000
117.200000,101.400000,31.400000,5.600000
118.000000,101.000000,31.000000,5.600000
118.400000,100.800000,30.800000,5.400000
118.800000,100.400000,30.400000,5.400000
119.400000,100.200000,30.800000,5.400000
119.600000,100.000000,31.000000,5.600000
120.000000,100.000000,31.000000,5.600000
128.800000,101.400000,30.400000,5.400000
129.200000,101.400000,30.200000,5.400000
129.600000,101.200000,30.200000,5.400000
129.600000,101.000000,30.800000,5.400000
129.800000,100.800000,31.400000,5.600000
130.600000,101.000000,30.800000,5.400000
130.800000,101.000000,31.000000,5.600000
130.800000,101.000000,31.400000,5.600000
131.600000,100.800000,30.800000,5.400000
131.800000,100.600000,31.400000,5.600000
132.000000,100.400000,31.800000,5.600000
132.400000,100.400000,32.400000,5.800000
133.200000,100.600000,31.800000,5.600000
133.800000,100.800000,31.000000,5.600000
134.000000,100.800000,31.400000,5.600000
134.400000,100.600000,31.400000,5.600000
134.400000,100.600000,32.000000,5.800000
135.000000,100.600000,31.400000,5.600000
135.400000,100.600000,32.000000,5.800000
135.800000,100.600000,32.000000,5.800000
136.200000,100.600000,32.000000,5.800000
136.600000,100.600000,32.000000,5.800000
137.200000,100.600000,31.400000,5.600000
137.200000,100.600000,32.000000,5.800000
137.800000,100.600000,31.400000,5.600000
138.200000,100.600000,31.400000,5.600000
138.800000,100.400000,31.400000,5.600000
139.000000,100.400000,31.400000,5.600000
139.600000,100.600000,31.400000,5.600000
140.000000,100.600000,31.000000,5.600000
140.800000,100.600000,30.800000,5.400000
140.800000,100.600000,31.000000,5.600000
141.400000,100.600000,30.800000,5.400000
141.600000,100.400000,31.000000,5.600000
141.800000,100.400000,31.400000,5.600000
142.600000,100.400000,30.800000,5.400000
142.600000,100.400000,31.400000,5.600000
143.600000,100.400000,30.800000,5.400000
143.600000,100.200000,31.400000,5.600000
144.000000,100.200000,31.400000,5.600000
144.400000,100.200000,31.400000,5.600000
145.000000,100.200000,31.000000,5.600000
145.800000,100.400000,30.400000,5.400000
146.200000,100.400000,30.400000,5.400000
147.000000,100.400000,30.200000,5.400000
146.800000,100.400000,30.800000,5.400000
147.800000,100.400000,30.200000,5.400000
147.800000,100.400000,30.800000,5.400000
148.600000,100.400000,30.200000,5.400000
149.000000,100.400000,30.200000,5.400000
149.000000,100.400000,30.800000,5.400000
149.800000,100.400000,30.200000,5.400000
149.800000,100.400000,30.800000,5.400000
150.200000,100.400000,30.800000,5.400000
151.000000,100.400000,30.200000,5.400000
151.400000,100.400000,30.200000,5.400000
151.400000,100.200000,30.800000,5.400000
152.200000,100.400000,30.200000,5.400000
152.200000,100.200000,30.800000,5.400000
153.000000,100.400000,30.200000,5.400000
153.200000,100.400000,30.200000,5.400000
153.400000,100.200000,30.800000,5.400000
153.800000,100.200000,30.800000,5.400000
154.000000,100.200000,30.800000,5.400000
154.400000,100.200000,30.800000,5.400000
154.400000,100.000000,31.400000,5.600000
155.400000,99.800000,30.800000,5.400000
156.000000,99.800000,30.200000,5.400000
156.200000,99.400000,30.800000,5.400000
156.600000,99.400000,30.400000,5.400000
157.200000,99.200000,30.200000,5.400000
157.600000,99.200000,30.200000,5.400000
158.000000,99.200000,30.200000,5.400000
158.000000,98.800000,30.800000,5.400000
159.000000,98.800000,30.200000,5.400000
159.800000,99.000000,29.600000,5.200000
159.600000,98.800000,30.200000,5.400000
160.200000,98.800000,29.600000,5.200000
161.000000,98.600000,29.200000,5.200000
161.600000,98.600000,29.000000,5.200000
161.600000,98.400000,29.600000,5.200000
161.600000,98.200000,30.200000,5.400000
162.400000,98.200000,29.600000,5.200000
163.200000,98.400000,29.000000,5.200000
163.000000,98.200000,29.600000,5.200000
164.000000,98.000000,29.000000,5.200000
164.000000,97.800000,29.600000,5.200000
164.200000,97.600000,29.600000,5.200000
164.200000,97.600000,30.200000,5.400000
165.200000,97.600000,29.600000,5.200000
165.400000,97.800000,29.800000,5.400000
166.200000,97.800000,29.800000,5.400000
167.000000,98.000000,29.200000,5.200000
167.400000,98.200000,29.200000,5.200000
167.600000,98.200000,29.600000,5.200000
168.000000,98.200000,29.600000,5.200000
168.400000,98.200000,29.800000,5.400000
169.200000,98.600000,29.200000,5.200000
169.600000,98.800000,29.200000,5.200000
170.200000,99.000000,28.800000,5.200000
174.400000,99.000000,28.400000,5.000000
174.600000,98.800000,29.000000,5.200000
175.000000,98.600000,29.000000,5.200000
174.800000,98.600000,29.600000,5.200000
174.800000,98.400000,30.200000,5.400000
175.400000,98.400000,30.200000,5.400000
175.400000,98.400000,30.800000,5.400000
175.600000,98.200000,31.400000,5.600000
176.200000,98.400000,30.800000,5.400000
176.800000,98.400000,30.400000,5.400000
177.400000,98.400000,30.400000,5.400000
177.800000,98.600000,30.400000,5.400000
177.800000,98.600000,31.000000,5.600000
178.000000,98.600000,31.000000,5.600000
178.200000,98.600000,31.800000,5.600000
178.400000,98.600000,31.800000,5.600000
179.200000,98.600000,31.000000,5.600000
179.600000,98.600000,31.000000,5.600000
179.400000,98.600000,31.800000,5.600000
180.000000,98.400000,31.400000,5.600000
180.600000,98.200000,30.800000,5.400000
181.200000,97.200000,31.000000,5.600000
181.400000,97.400000,30.800000,5.400000
181.800000,97.200000,30.800000,5.400000
182.400000,97.400000,30.400000,5.400000
182.800000,97.400000,30.400000,5.400000
183.000000,97.400000,31.000000,5.600000
183.400000,97.600000,31.000000,5.600000
184.000000,97.600000,31.000000,5.600000
184.800000,98.200000,30.400000,5.400000
185.000000,98.600000,30.400000,5.400000
185.400000,99.800000,30.200000,5.400000
185.800000,100.000000,30.800000,5.400000
186.000000,100.000000,31.000000,5.600000
186.400000,100.200000,30.400000,5.400000
186.400000,99.600000,31.000000,5.600000
186.800000,99.600000,30.800000,5.400000
187.800000,99.600000,30.200000,5.400000
188.000000,99.400000,30.400000,5.400000
188.600000,99.400000,30.400000,5.400000
189.000000,99.400000,30.200000,5.400000
189.200000,99.400000,30.400000,5.400000
189.600000,99.400000,30.800000,5.400000
189.800000,99.400000,31.400000,5.600000
190.200000,99.400000,31.400000,5.600000
190.400000,99.200000,31.400000,5.600000
190.800000,99.200000,31.400000,5.600000
191.200000,99.200000,31.400000,5.600000
192.000000,99.000000,30.800000,5.400000
192.800000,99.200000,30.200000,5.400000
192.800000,99.200000,30.800000,5.400000
193.600000,99.200000,30.400000,5.400000
194.000000,99.200000,30.400000,5.400000
194.600000,99.400000,30.400000,5.400000
194.400000,99.400000,31.000000,5.600000
194.800000,99.200000,31.400000,5.600000
195.000000,99.200000,31.400000,5.600000
195.400000,99.200000,31.400000,5.600000
196.200000,99.200000,30.800000,5.400000
196.600000,99.200000,30.400000,5.400000
196.800000,99.000000,30.800000,5.400000
197.400000,99.000000,30.800000,5.400000
197.800000,98.800000,30.800000,5.400000
198.200000,98.800000,30.800000,5.400000
198.600000,99.000000,30.800000,5.400000
199.000000,99.000000,30.800000,5.400000
199.800000,99.000000,30.200000,5.400000
200.200000,98.800000,30.200000,5.400000
200.600000,98.600000,30.200000,5.400000
201.000000,98.600000,30.200000,5.400000
201.400000,98.400000,30.200000,5.400000
202.000000,98.200000,30.200000,5.400000
202.400000,97.400000,30.400000,5.400000
202.600000,97.200000,30.200000,5.400000
203.200000,97.200000,29.600000,5.200000
203.800000,97.200000,29.600000,5.200000
204.200000,97.200000,29.600000,5.200000
204.600000,97.200000,29.800000,5.400000
205.200000,97.400000,29.600000,5.200000
205.000000,97.200000,30.200000,5.400000
205.400000,96.600000,30.800000,5.400000
205.400000,96.800000,31.000000,5.600000
206.000000,96.800000,31.400000,5.600000
206.600000,97.000000,31.000000,5.600000
207.000000,97.200000,31.000000,5.600000
207.400000,97.200000,31.000000,5.600000
208.000000,97.400000,30.400000,5.400000
208.400000,97.400000,30.800000,5.400000
208.800000,97.400000,30.400000,5.400000
209.000000,97.400000,31.000000,5.600000
209.600000,97.600000,30.400000,5.400000
210.000000,97.600000,30.400000,5.400000
210.200000,97.600000,31.000000,5.600000
210.400000,98.000000,31.800000,5.600000
210.800000,98.200000,31.800000,5.600000
211.400000,98.600000,31.800000,5.600000
211.200000,99.400000,32.000000,5.800000
212.000000,99.400000,31.800000,5.600000
212.200000,99.200000,32.000000,5.800000
212.600000,99.200000,31.400000,5.600000
219.200000,98.800000,30.800000,5.400000
220.000000,98.800000,30.200000,5.400000
220.400000,98.400000,30.200000,5.400000
220.600000,98.200000,30.200000,5.400000
221.400000,98.000000,29.600000,5.200000
222.200000,98.000000,29.000000,5.200000
222.200000,98.000000,29.600000,5.200000
222.400000,98.000000,29.600000,5.200000
223.000000,98.000000,29.600000,5.200000
223.200000,98.000000,29.600000,5.200000
223.600000,98.000000,29.600000,5.200000
224.000000,98.000000,29.600000,5.200000
224.400000,98.000000,29.600000,5.200000
224.800000,98.200000,29.600000,5.200000
225.000000,98.200000,29.800000,5.400000
225.600000,98.400000,29.800000,5.400000
225.800000,98.200000,29.800000,5.400000
226.200000,98.200000,29.800000,5.400000
226.600000,98.200000,30.200000,5.400000
226.800000,98.000000,30.400000,5.400000
227.200000,98.000000,30.800000,5.400000
227.600000,97.800000,30.800000,5.400000
228.000000,97.800000,30.800000,5.400000
228.400000,97.800000,30.800000,5.400000
228.600000,97.600000,31.000000,5.600000
228.800000,97.400000,31.400000,5.600000
229.200000,97.600000,31.400000,5.600000
229.400000,97.600000,31.400000,5.600000
230.000000,97.400000,31.400000,5.600000
230.400000,97.600000,31.000000,5.600000
231.000000,97.600000,31.000000,5.600000
231.800000,97.600000,30.400000,5.400000
232.000000,97.600000,31.000000,5.600000
232.000000,97.600000,31.800000,5.600000
232.400000,97.600000,31.800000,5.600000
232.600000,97.800000,31.800000,5.600000
233.200000,97.800000,31.800000,5.600000
233.400000,97.600000,31.800000,5.600000
234.000000,97.600000,31.400000,5.600000
234.200000,97.600000,31.400000,5.600000
234.600000,97.600000,31.400000,5.600000
235.000000,97.600000,31.400000,5.600000
235.200000,97.600000,31.800000,5.600000
236.000000,97.800000,31.400000,5.600000
236.400000,97.800000,31.000000,5.600000
236.600000,97.600000,31.800000,5.600000
237.400000,97.800000,31.000000,5.600000
237.800000,97.800000,31.000000,5.600000
237.600000,97.600000,31.800000,5.600000
238.200000,97.600000,31.800000,5.600000
238.400000,97.600000,31.800000,5.600000
239.000000,97.600000,31.400000,5.600000
239.400000,97.600000,31.000000,5.600000
239.800000,97.600000,31.000000,5.600000
240.000000,97.400000,31.400000,5.600000
240.400000,97.400000,31.400000,5.600000
241.200000,97.600000,31.000000,5.600000
241.200000,97.400000,31.800000,5.600000
242.200000,97.600000,31.000000,5.600000
242.600000,97.600000,31.000000,5.600000
243.200000,97.600000,30.400000,5.400000
243.400000,97.600000,30.800000,5.400000
244.000000,97.600000,30.200000,5.400000
244.400000,97.600000,30.200000,5.400000
244.600000,97.600000,30.800000,5.400000
245.000000,97.600000,30.400000,5.400000
245.400000,97.600000,30.800000,5.400000
245.400000,97.600000,31.400000,5.600000
246.200000,97.600000,30.800000,5.400000
246.800000,97.600000,30.400000,5.400000
247.200000,97.800000,30.200000,5.400000
247.200000,97.600000,30.400000,5.400000
248.000000,97.600000,30.200000,5.400000
248.400000,97.600000,30.200000,5.400000
248.400000,97.600000,30.800000,5.400000
248.800000,97.600000,30.800000,5.400000
249.200000,97.600000,30.800000,5.400000
249.200000,97.400000,31.400000,5.600000
249.800000,97.200000,31.400000,5.600000
250.400000,97.200000,31.400000,5.600000
251.000000,97.200000,31.000000,5.600000
251.600000,97.400000,30.800000,5.400000
252.200000,97.400000,30.400000,5.400000
252.400000,97.400000,30.800000,5.400000
253.200000,97.400000,30.200000,5.400000
253.200000,97.200000,30.400000,5.400000
253.600000,97.200000,30.800000,5.400000
254.000000,97.200000,30.400000,5.400000
254.600000,97.200000,30.400000,5.400000
254.600000,97.200000,31.000000,5.600000
255.200000,97.200000,31.000000,5.600000
255.400000,97.200000,31.000000,5.600000
256.000000,97.200000,31.000000,5.600000
256.200000,97.200000,31.400000,5.600000
256.000000,97.000000,32.000000,5.800000
256.400000,97.000000,31.800000,5.600000
256.800000,97.000000,31.800000,5.600000
257.400000,97.200000,31.400000,5.600000
257.400000,97.000000,31.800000,5.600000
258.400000,97.200000,31.400000,5.600000
