310.600000,107.600000,18.200000,4.400000
309.800000,107.800000,18.600000,4.400000
309.800000,108.000000,18.600000,4.400000
310.000000,108.400000,18.400000,4.400000
310.000000,108.400000,18.000000,4.400000
309.800000,108.200000,18.000000,4.400000
309.200000,108.200000,18.400000,4.400000
308.600000,108.400000,18.600000,4.400000
308.000000,108.200000,18.800000,4.600000
307.800000,108.200000,18.400000,4.400000
307.400000,108.600000,18.000000,4.400000
307.000000,108.800000,18.400000,4.400000
306.400000,108.000000,18.600000,4.400000
306.400000,108.400000,18.800000,4.600000
305.800000,109.200000,19.000000,4.600000
306.000000,108.200000,18.800000,4.600000
306.400000,108.000000,18.400000,4.400000
305.600000,108.600000,18.000000,4.400000
305.600000,107.600000,17.600000,4.200000
305.000000,107.600000,17.600000,4.200000
304.800000,107.600000,17.600000,4.200000
304.800000,106.800000,17.400000,4.200000
304.000000,107.400000,17.400000,4.200000
304.400000,107.600000,17.400000,4.200000
304.400000,107.800000,17.600000,4.200000
303.400000,107.600000,17.400000,4.200000
303.400000,107.000000,17.000000,4.200000
301.600000,107.800000,17.000000,4.200000
303.000000,106.200000,17.400000,4.200000
302.000000,106.200000,17.400000,4.200000
301.400000,106.200000,17.400000,4.200000
300.600000,106.400000,17.400000,4.200000
300.600000,106.400000,17.400000,4.200000
300.200000,107.000000,17.200000,4.200000
299.600000,106.600000,17.400000,4.200000
298.200000,106.600000,17.600000,4.200000
297.200000,106.800000,17.800000,4.400000
297.000000,106.800000,17.400000,4.200000
295.600000,106.800000,17.400000,4.200000
294.400000,107.000000,17.400000,4.200000
293.400000,107.400000,17.600000,4.200000
292.400000,108.000000,17.400000,4.200000
291.200000,107.800000,17.200000,4.200000
290.000000,107.800000,17.400000,4.200000
288.800000,107.800000,17.000000,4.200000
288.800000,107.800000,17.000000,4.200000
287.600000,107.600000,17.400000,4.200000
286.800000,107.400000,17.600000,4.200000
286.200000,107.800000,17.400000,4.200000
283.800000,107.600000,17.400000,4.200000
276.200000,108.000000,17.600000,4.200000
270.200000,108.200000,17.600000,4.200000
269.800000,108.200000,18.000000,4.400000
269.400000,108.200000,18.000000,4.400000
268.800000,108.200000,18.000000,4.400000
268.400000,108.600000,17.600000,4.200000
267.400000,109.000000,17.800000,4.400000
267.000000,109.200000,17.800000,4.400000
266.400000,109.600000,18.000000,4.400000
265.400000,109.800000,17.600000,4.200000
265.000000,109.600000,18.000000,4.400000
265.000000,109.000000,18.000000,4.400000
264.800000,109.000000,17.800000,4.400000
264.600000,109.400000,17.400000,4.200000
264.400000,109.200000,17.400000,4.200000
264.000000,109.200000,17.200000,4.200000
264.200000,109.200000,17.200000,4.200000
264.600000,109.200000,17.200000,4.200000
265.200000,109.200000,16.800000,4.000000
265.800000,109.000000,16.800000,4.000000
265.800000,109.000000,16.800000,4.000000
265.600000,109.000000,17.000000,4.200000
265.400000,109.000000,17.400000,4.200000
266.000000,109.000000,17.000000,4.200000
265.800000,109.200000,17.000000,4.200000
263.600000,110.600000,17.400000,4.200000
267.200000,108.600000,17.400000,4.200000
267.200000,108.600000,17.400000,4.200000
265.800000,108.800000,17.600000,4.200000
266.000000,108.800000,18.000000,4.400000
266.000000,109.000000,17.800000,4.400000
265.800000,108.800000,18.000000,4.400000
265.800000,108.600000,18.400000,4.400000
265.400000,109.400000,18.000000,4.400000
264.600000,109.200000,18.000000,4.400000
264.200000,108.800000,18.000000,4.400000
264.000000,109.400000,18.000000,4.400000
263.400000,110.000000,17.600000,4.200000
263.600000,109.600000,17.400000,4.200000
262.600000,109.000000,17.800000,4.400000
262.400000,108.800000,17.600000,4.200000
262.600000,109.400000,17.400000,4.200000
262.200000,109.600000,17.400000,4.200000
262.000000,109.400000,17.600000,4.200000
261.800000,109.600000,17.400000,4.200000
261.600000,109.800000,17.600000,4.200000
261.400000,109.800000,17.400000,4.200000
261.400000,109.200000,17.000000,4.200000
260.600000,109.200000,17.200000,4.200000
260.600000,109.800000,16.800000,4.000000
248.400000,108.800000,17.200000,4.200000
248.000000,109.200000,17.000000,4.200000
247.000000,110.000000,17.200000,4.200000
246.400000,109.800000,17.400000,4.200000
246.600000,109.600000,17.200000,4.200000
245.800000,109.800000,17.200000,4.200000
244.800000,109.800000,17.400000,4.200000
245.200000,109.600000,17.400000,4.200000
244.000000,109.600000,17.800000,4.400000
243.800000,108.800000,17.600000,4.200000
243.000000,109.600000,17.400000,4.200000
242.800000,109.800000,17.400000,4.200000
243.800000,108.400000,17.000000,4.200000
242.400000,109.400000,17.000000,4.200000
243.200000,109.600000,16.600000,4.000000
243.000000,106.800000,16.400000,4.000000
240.400000,108.600000,16.400000,4.000000
242.800000,107.600000,16.400000,4.000000
242.400000,109.000000,16.400000,4.000000
242.600000,106.800000,16.800000,4.000000
242.000000,106.800000,17.000000,4.200000
242.400000,107.600000,17.400000,4.200000
242.800000,108.400000,17.200000,4.200000
242.600000,109.200000,17.200000,4.200000
241.200000,109.600000,17.200000,4.200000
241.400000,109.600000,17.400000,4.200000
241.000000,111.600000,17.600000,4.200000
239.600000,111.400000,17.400000,4.200000
239.400000,110.200000,17.400000,4.200000
237.400000,111.200000,17.400000,4.200000
239.200000,108.800000,17.000000,4.200000
238.600000,108.800000,17.200000,4.200000
237.200000,109.600000,17.400000,4.200000
236.000000,109.400000,17.800000,4.400000
238.000000,108.600000,17.800000,4.400000
236.800000,111.200000,18.000000,4.400000
236.000000,111.800000,18.400000,4.400000
237.200000,110.600000,18.000000,4.400000
237.200000,111.400000,18.000000,4.400000
236.200000,112.800000,18.000000,4.400000
236.000000,110.800000,17.600000,4.200000
235.800000,110.000000,17.400000,4.200000
235.000000,110.800000,17.400000,4.200000
234.000000,110.600000,17.600000,4.200000
233.600000,109.800000,17.400000,4.200000
233.400000,110.000000,17.400000,4.200000
232.800000,111.000000,17.600000,4.200000
232.600000,111.000000,17.400000,4.200000
232.400000,111.000000,17.400000,4.200000
232.600000,111.000000,17.200000,4.200000
232.600000,110.200000,17.200000,4.200000
232.600000,110.200000,16.800000,4.000000
232.600000,111.000000,16.800000,4.000000
232.000000,110.800000,17.200000,4.200000
231.200000,110.800000,17.400000,4.200000
230.800000,110.800000,17.600000,4.200000
230.600000,110.800000,17.400000,4.200000
230.200000,110.600000,17.400000,4.200000
229.800000,110.400000,17.600000,4.200000
229.200000,110.600000,17.600000,4.200000
228.600000,110.800000,17.600000,4.200000
228.800000,110.800000,17.400000,4.200000
228.400000,111.000000,17.400000,4.200000
228.200000,111.200000,17.200000,4.200000
228.000000,111.200000,17.400000,4.200000
227.600000,111.000000,17.400000,4.200000
227.200000,111.000000,17.200000,4.200000
226.800000,110.800000,17.400000,4.200000
226.800000,110.800000,17.000000,4.200000
226.200000,110.800000,17.400000,4.200000
226.000000,111.000000,17.000000,4.200000
225.600000,111.200000,17.200000,4.200000
225.200000,111.200000,17.200000,4.200000
225.000000,111.200000,17.200000,4.200000
224.400000,111.200000,17.200000,4.200000
224.000000,111.400000,17.200000,4.200000
223.000000,111.400000,17.400000,4.200000
223.600000,110.800000,17.400000,4.200000
222.800000,111.200000,17.800000,4.400000
223.200000,111.200000,18.000000,4.400000
222.600000,111.400000,18.000000,4.400000
221.800000,110.600000,18.000000,4.400000
221.200000,111.400000,17.600000,4.200000
223.200000,111.600000,17.400000,4.200000
221.200000,110.800000,17.400000,4.200000
221.000000,108.800000,17.400000,4.200000
221.000000,110.200000,17.400000,4.200000
221.600000,112.000000,17.400000,4.200000
219.400000,110.600000,17.400000,4.200000
219.000000,110.800000,17.400000,4.200000
218.800000,113.600000,17.600000,4.200000
218.800000,114.200000,17.600000,4.200000
218.800000,112.800000,17.400000,4.200000
218.600000,112.800000,17.600000,4.200000
217.600000,112.800000,17.600000,4.200000
217.200000,112.400000,17.400000,4.200000
217.000000,112.800000,17.200000,4.200000
216.200000,112.400000,17.400000,4.200000
215.400000,112.200000,17.400000,4.200000
215.600000,113.000000,17.200000,4.200000
210.200000,113.000000,17.000000,4.200000
210.200000,112.800000,17.200000,4.200000
209.600000,112.800000,17.000000,4.200000
209.600000,112.600000,16.800000,4.000000
209.200000,112.200000,16.400000,4.000000
208.800000,112.200000,16.600000,4.000000
208.600000,112.400000,17.000000,4.200000
208.400000,113.000000,16.800000,4.000000
208.200000,113.000000,16.400000,4.000000
207.800000,112.800000,16.800000,4.000000
207.600000,112.000000,17.000000,4.200000
207.400000,112.800000,16.800000,4.000000
207.400000,112.600000,16.600000,4.000000
207.400000,111.600000,16.600000,4.000000
206.600000,111.600000,17.000000,4.200000
206.200000,111.600000,17.200000,4.200000
206.000000,111.200000,17.000000,4.200000
205.000000,111.400000,17.000000,4.200000
205.600000,111.200000,17.400000,4.200000
205.400000,111.800000,17.400000,4.200000
204.400000,111.800000,17.800000,4.400000
204.400000,111.200000,17.600000,4.200000
203.800000,111.800000,18.000000,4.400000
202.800000,112.200000,18.400000,4.400000
203.000000,112.200000,18.000000,4.400000
202.400000,111.800000,18.000000,4.400000
202.400000,111.800000,18.000000,4.400000
202.400000,111.800000,17.600000,4.200000
202.000000,111.800000,18.000000,4.400000
201.800000,111.800000,17.800000,4.400000
202.000000,111.800000,17.400000,4.200000
201.400000,112.000000,17.200000,4.200000
201.400000,112.000000,16.800000,4.000000
201.200000,112.000000,16.400000,4.000000
200.800000,111.600000,16.600000,4.000000
200.400000,111.400000,16.400000,4.000000
200.400000,111.600000,16.000000,3.800000
200.000000,111.800000,15.800000,3.800000
199.600000,111.800000,15.800000,3.800000
199.000000,112.000000,15.800000,3.800000
198.600000,112.000000,16.200000,4.000000
198.400000,111.800000,16.400000,4.000000
198.000000,112.000000,16.200000,4.000000
197.600000,111.800000,16.400000,4.000000
197.200000,111.600000,16.800000,4.000000
196.400000,111.800000,17.200000,4.200000
196.200000,111.800000,17.400000,4.200000
196.200000,111.800000,17.000000,4.200000
195.800000,111.800000,17.000000,4.200000
195.400000,112.000000,17.000000,4.200000
195.400000,111.800000,17.000000,4.200000
195.200000,111.800000,17.000000,4.200000
195.000000,111.800000,16.800000,4.000000
194.600000,111.800000,16.800000,4.000000
194.600000,111.800000,16.400000,4.000000
193.800000,111.800000,16.600000,4.000000
193.800000,111.800000,16.400000,4.000000
193.600000,111.800000,16.400000,4.000000
193.000000,111.800000,16.400000,4.000000
192.600000,111.800000,16.800000,4.000000
192.600000,111.600000,16.400000,4.000000
192.200000,112.400000,16.400000,4.000000
191.800000,112.800000,16.800000,4.000000
191.400000,112.600000,16.800000,4.000000
191.200000,112.800000,16.400000,4.000000
190.600000,112.800000,16.800000,4.000000
190.600000,112.200000,17.000000,4.200000
189.600000,112.400000,16.800000,4.000000
189.600000,112.000000,16.800000,4.000000
189.000000,112.000000,17.200000,4.200000
188.800000,112.600000,16.800000,4.000000
188.800000,112.600000,16.800000,4.000000
188.200000,112.600000,16.800000,4.000000
188.000000,112.800000,16.600000,4.000000
188.000000,112.600000,16.800000,4.000000
187.000000,112.600000,17.200000,4.200000
187.000000,112.600000,17.200000,4.200000
186.800000,112.400000,17.000000,4.200000
186.400000,112.400000,16.800000,4.000000
186.600000,112.400000,16.400000,4.000000
186.200000,112.400000,16.200000,4.000000
185.600000,112.400000,16.200000,4.000000
185.800000,112.600000,15.800000,3.800000
185.400000,112.400000,16.000000,3.800000
185.200000,112.200000,16.200000,4.000000
185.000000,112.200000,16.000000,3.800000
184.600000,112.400000,16.000000,3.800000
184.400000,112.200000,15.800000,3.800000
184.400000,112.000000,15.600000,3.800000
184.000000,112.200000,15.600000,3.800000
183.800000,112.000000,16.000000,3.800000
183.600000,111.800000,15.600000,3.800000
183.400000,112.400000,15.400000,3.800000
183.000000,112.800000,15.600000,3.800000
182.200000,112.600000,15.800000,3.800000
182.000000,112.000000,16.200000,4.000000
181.600000,112.000000,16.400000,4.000000
181.600000,111.800000,16.400000,4.000000
181.600000,112.000000,16.200000,4.000000
180.800000,112.200000,16.400000,4.000000
169.800000,112.200000,16.400000,4.000000
169.200000,112.200000,16.200000,4.000000
168.800000,112.400000,16.400000,4.000000
168.600000,112.400000,16.600000,4.000000
168.400000,112.200000,16.800000,4.000000
168.400000,112.200000,16.400000,4.000000
168.000000,112.200000,16.200000,4.000000
168.200000,112.200000,15.800000,3.800000
168.000000,112.000000,16.000000,3.800000
167.800000,112.200000,15.600000,3.800000
167.400000,112.000000,15.600000,3.800000
167.000000,112.200000,15.600000,3.800000
166.800000,112.200000,15.400000,3.800000
166.400000,112.200000,15.400000,3.800000
165.800000,112.400000,15.600000,3.800000
165.400000,112.600000,16.000000,3.800000
164.800000,112.600000,16.200000,4.000000
164.600000,112.600000,16.000000,3.800000
164.000000,113.000000,16.000000,3.800000
164.200000,112.800000,15.800000,3.800000
163.800000,112.600000,15.800000,3.800000
163.600000,112.800000,16.200000,4.000000
163.200000,112.800000,16.400000,4.000000
163.200000,112.000000,16.200000,4.000000
162.800000,112.200000,16.200000,4.000000
163.000000,112.400000,16.000000,3.800000
162.200000,112.800000,15.800000,3.800000
162.200000,112.400000,15.800000,3.800000
162.200000,113.000000,15.600000,3.800000
162.200000,112.200000,16.000000,3.800000
161.800000,111.600000,15.800000,3.800000
161.000000,112.200000,15.800000,3.800000
161.000000,112.200000,15.600000,3.800000
160.600000,111.800000,15.800000,3.800000
159.600000,111.800000,16.200000,4.000000
159.400000,111.800000,16.000000,3.800000
159.000000,112.000000,16.200000,4.000000
158.800000,112.000000,16.200000,4.000000
158.600000,111.800000,16.400000,4.000000
158.000000,112.000000,16.200000,4.000000
158.000000,112.000000,16.000000,3.800000
158.000000,111.800000,16.200000,4.000000
157.600000,111.800000,15.800000,3.800000
157.400000,111.800000,15.600000,3.800000
157.200000,111.600000,15.600000,3.800000
157.000000,111.400000,15.600000,3.800000
156.400000,111.400000,15.800000,3.800000
156.200000,111.400000,15.600000,3.800000
155.800000,111.400000,15.800000,3.800000
156.000000,111.400000,15.600000,3.800000
155.400000,111.600000,15.600000,3.800000
155.400000,111.800000,15.400000,3.800000
155.200000,111.600000,15.600000,3.800000
154.800000,111.200000,15.600000,3.800000
154.800000,111.200000,15.400000,3.800000
154.400000,111.200000,15.200000,3.600000
154.400000,111.400000,15.000000,3.600000
154.200000,111.400000,14.800000,3.600000
153.800000,111.600000,14.800000,3.600000
153.400000,111.600000,15.000000,3.600000
153.400000,111.400000,15.400000,3.800000
153.000000,111.400000,15.600000,3.800000
152.200000,111.600000,16.000000,3.800000
151.600000,111.800000,16.400000,4.000000
151.400000,111.800000,16.400000,4.000000
150.800000,111.800000,16.400000,4.000000
150.400000,111.800000,16.400000,4.000000
150.200000,111.800000,16.200000,4.000000
149.800000,112.000000,16.200000,4.000000
149.800000,112.000000,16.000000,3.800000
149.200000,112.200000,16.000000,3.800000
149.000000,112.400000,16.000000,3.800000
148.800000,112.400000,15.800000,3.800000
148.600000,112.200000,16.200000,4.000000
148.200000,112.200000,16.200000,4.000000
147.600000,112.400000,16.400000,4.000000
147.800000,112.200000,16.000000,3.800000
147.400000,112.000000,16.200000,4.000000
147.200000,112.200000,16.000000,3.800000
146.600000,112.200000,16.200000,4.000000
146.200000,112.200000,16.200000,4.000000
146.000000,112.000000,16.200000,4.000000
146.000000,112.200000,16.000000,3.800000
145.400000,112.200000,16.000000,3.800000
145.200000,112.200000,16.000000,3.800000
145.000000,112.000000,16.000000,3.800000
144.600000,112.000000,16.000000,3.800000
144.400000,112.000000,15.600000,3.800000
144.000000,111.800000,16.000000,3.800000
143.800000,111.800000,15.600000,3.800000
143.400000,111.800000,15.400000,3.800000
143.200000,111.800000,15.600000,3.800000
143.000000,111.600000,15.600000,3.800000
142.600000,111.800000,15.600000,3.800000
142.400000,111.800000,15.400000,3.800000
142.200000,111.600000,15.600000,3.800000
142.000000,111.600000,15.600000,3.800000
141.800000,111.800000,15.400000,3.800000
141.200000,111.800000,15.600000,3.800000
141.000000,111.400000,15.600000,3.800000
