50.600000,120.600000,12.000000,8.000000
56.000000,120.600000,12.000000,8.000000
62.000000,120.400000,12.200000,8.200000
66.200000,121.600000,12.400000,8.400000
69.600000,123.600000,12.200000,8.200000
73.200000,123.400000,12.800000,8.400000
82.400000,122.200000,13.200000,8.800000
82.400000,122.200000,13.200000,8.800000
86.800000,122.200000,12.800000,8.400000
90.600000,122.200000,12.800000,8.400000
92.600000,122.200000,12.800000,8.400000
95.000000,122.000000,12.800000,8.400000
98.400000,122.000000,12.200000,8.200000
102.800000,121.000000,12.800000,8.400000
103.400000,120.800000,13.200000,8.800000
104.400000,121.000000,12.800000,8.400000
107.000000,120.800000,12.800000,8.400000
108.600000,120.600000,13.200000,8.800000
111.200000,120.800000,12.800000,8.400000
115.400000,120.800000,12.800000,8.400000
118.400000,120.800000,12.400000,8.400000
122.400000,120.800000,12.200000,8.200000
126.600000,121.000000,12.200000,8.200000
130.400000,121.000000,12.200000,8.200000
133.400000,121.000000,12.000000,8.000000
136.600000,121.000000,12.200000,8.200000
139.400000,121.000000,12.400000,8.400000
147.200000,120.800000,12.400000,8.400000
147.200000,120.800000,12.200000,8.200000
149.400000,120.600000,12.800000,8.400000
151.600000,120.600000,12.800000,8.400000
154.000000,120.600000,13.200000,8.800000
156.400000,120.600000,12.800000,8.400000
159.200000,120.400000,13.200000,8.800000
160.000000,119.000000,13.200000,8.800000
161.200000,114.600000,12.800000,8.400000
162.600000,114.400000,13.000000,8.600000
167.400000,114.600000,12.800000,8.400000
171.800000,114.400000,13.200000,8.800000
176.000000,114.800000,12.800000,8.400000
179.200000,115.000000,12.400000,8.400000
180.200000,115.000000,12.200000,8.200000
181.400000,114.600000,12.800000,8.400000
184.200000,115.000000,12.400000,8.400000
189.800000,114.600000,12.800000,8.400000
195.600000,114.600000,13.200000,8.800000
202.200000,114.800000,12.800000,8.400000
206.400000,115.000000,12.400000,8.400000
210.200000,114.600000,13.000000,8.600000
212.200000,114.600000,13.000000,8.600000
214.000000,114.400000,13.000000,8.600000
214.200000,114.600000,12.800000,8.400000
214.200000,114.400000,12.800000,8.400000
213.800000,114.200000,13.200000,8.800000
210.400000,114.800000,12.800000,8.400000
204.800000,114.600000,13.200000,8.800000
200.600000,114.400000,13.200000,8.800000
198.200000,114.400000,13.200000,8.800000
196.800000,114.400000,13.200000,8.800000
194.000000,114.200000,13.000000,8.600000
190.400000,114.000000,12.800000,8.400000
185.800000,113.400000,13.200000,8.800000
180.000000,113.000000,13.200000,8.800000
175.000000,112.600000,12.800000,8.400000
174.200000,113.200000,12.800000,8.400000
174.400000,114.800000,12.800000,8.400000
174.400000,115.600000,12.800000,8.400000
174.800000,116.400000,12.400000,8.400000
174.800000,117.000000,13.000000,8.600000
175.200000,118.600000,12.800000,8.400000
175.400000,121.000000,13.000000,8.600000
