269.600000,91.000000,30.600000,9.800000
268.600000,91.200000,30.000000,9.600000
266.800000,91.200000,30.600000,9.800000
265.400000,91.400000,30.000000,9.600000
263.200000,91.400000,30.600000,9.800000
261.600000,91.400000,30.200000,9.800000
260.000000,91.400000,31.000000,9.800000
258.200000,91.600000,30.600000,9.800000
256.400000,91.600000,31.000000,9.800000
255.600000,91.600000,30.200000,9.800000
254.200000,91.600000,30.200000,9.800000
252.400000,91.800000,30.200000,9.800000
251.000000,91.800000,30.000000,9.600000
249.800000,92.200000,29.400000,9.400000
248.000000,92.200000,30.000000,9.600000
246.600000,92.400000,29.400000,9.400000
245.000000,92.400000,30.000000,9.600000
243.400000,92.400000,30.200000,9.800000
241.800000,92.400000,31.000000,9.800000
239.600000,92.400000,31.600000,10.000000
238.000000,92.600000,31.600000,10.000000
236.600000,92.600000,31.000000,9.800000
235.400000,92.800000,30.200000,9.800000
233.800000,92.800000,30.200000,9.800000
232.400000,92.800000,31.000000,9.800000
231.200000,93.000000,30.200000,9.800000
229.800000,93.200000,29.800000,9.600000
228.000000,93.000000,30.200000,9.800000
226.400000,93.000000,30.200000,9.800000
224.800000,93.000000,30.200000,9.800000
223.800000,93.200000,29.800000,9.600000
222.000000,93.000000,30.200000,9.800000
220.400000,93.000000,30.200000,9.800000
218.600000,93.200000,30.200000,9.800000
217.000000,93.200000,31.000000,9.800000
215.600000,93.400000,30.200000,9.800000
214.000000,93.400000,31.000000,9.800000
212.400000,93.800000,30.600000,9.800000
211.200000,93.800000,30.600000,9.800000
209.200000,93.800000,31.200000,10.000000
208.000000,93.800000,31.000000,9.800000
206.400000,94.200000,30.200000,9.800000
205.200000,94.200000,30.200000,9.800000
203.400000,94.200000,30.200000,9.800000
201.400000,94.200000,30.600000,9.800000
200.000000,94.400000,30.200000,9.800000
198.600000,94.600000,30.000000,9.600000
196.800000,94.400000,30.600000,9.800000
195.000000,94.400000,31.000000,9.800000
193.800000,94.600000,30.200000,9.800000
192.400000,94.600000,30.200000,9.800000
191.000000,94.800000,30.000000,9.600000
189.400000,94.600000,30.200000,9.800000
187.400000,94.400000,30.600000,9.800000
186.000000,94.600000,31.000000,9.800000
184.200000,94.600000,31.000000,9.800000
183.000000,94.600000,30.200000,9.800000
189.200000,96.400000,30.200000,9.800000
187.200000,96.000000,31.000000,9.800000
183.400000,95.800000,31.000000,9.800000
182.600000,95.600000,31.200000,10.000000
181.800000,95.600000,31.800000,10.200000
183.400000,95.600000,32.400000,10.400000
189.000000,97.000000,32.400000,10.400000
189.400000,97.400000,32.200000,10.200000
189.000000,96.200000,32.400000,10.400000
187.000000,96.000000,33.200000,10.600000
185.600000,96.200000,32.400000,10.400000
184.200000,96.400000,32.200000,10.200000
183.000000,96.400000,32.800000,10.600000
182.200000,96.600000,32.200000,10.200000
181.600000,96.800000,32.400000,10.400000
181.600000,97.000000,32.400000,10.400000
182.400000,97.000000,32.800000,10.600000
182.600000,97.000000,32.200000,10.200000
183.000000,97.200000,31.600000,10.000000
183.400000,97.400000,31.000000,9.800000
183.000000,97.400000,31.000000,9.800000
182.000000,97.400000,31.000000,9.800000
181.800000,97.400000,31.600000,10.000000
182.000000,97.400000,32.200000,10.200000
182.800000,97.600000,31.600000,10.000000
183.400000,97.400000,31.600000,10.000000
184.600000,97.400000,31.200000,10.000000
185.800000,97.400000,31.000000,9.800000
187.600000,97.400000,31.200000,10.000000
189.000000,97.400000,31.600000,10.000000
188.800000,97.400000,31.000000,9.800000
186.200000,97.400000,30.600000,9.800000
184.000000,97.400000,30.600000,9.800000
181.600000,97.400000,30.600000,9.800000
179.600000,97.200000,30.600000,9.800000
177.400000,97.000000,31.200000,10.000000
176.000000,97.200000,30.600000,9.800000
174.000000,97.200000,30.600000,9.800000
172.400000,97.200000,30.600000,9.800000
171.000000,97.200000,30.200000,9.800000
169.400000,97.400000,30.000000,9.600000
167.200000,97.400000,30.600000,9.800000
166.000000,97.600000,30.200000,9.800000
153.600000,98.200000,30.200000,9.800000
152.000000,98.200000,30.000000,9.600000
150.000000,98.200000,30.600000,9.800000
148.000000,98.200000,31.000000,9.800000
146.600000,98.400000,30.200000,9.800000
145.000000,98.400000,30.200000,9.800000
143.200000,98.400000,31.000000,9.800000
141.400000,98.400000,31.200000,10.000000
139.800000,98.600000,31.000000,9.800000
137.600000,98.400000,31.600000,10.000000
136.600000,98.400000,31.200000,10.000000
136.000000,98.600000,31.600000,10.000000
136.000000,98.800000,31.600000,10.000000
135.600000,99.000000,31.800000,10.200000
137.200000,99.400000,32.400000,10.400000
142.600000,100.800000,31.800000,10.200000
144.600000,98.800000,32.400000,10.400000
144.400000,99.000000,32.200000,10.200000
143.200000,99.000000,31.600000,10.000000
141.800000,99.000000,32.200000,10.200000
141.600000,99.400000,31.600000,10.000000
140.600000,99.200000,31.000000,9.800000
139.800000,99.000000,31.600000,10.000000
139.400000,99.200000,31.200000,10.000000
137.200000,99.000000,31.800000,10.200000
135.600000,99.000000,31.800000,10.200000
133.800000,99.000000,32.400000,10.400000
133.200000,99.400000,32.200000,10.200000
132.200000,99.600000,32.200000,10.200000
130.000000,99.400000,32.800000,10.600000
128.600000,99.600000,32.200000,10.200000
127.400000,99.600000,32.400000,10.400000
128.400000,99.800000,33.200000,10.600000
129.400000,99.800000,33.400000,10.800000
130.600000,99.800000,33.200000,10.600000
131.000000,99.600000,33.800000,10.800000
130.000000,99.600000,33.800000,10.800000
128.600000,99.600000,33.400000,10.800000
128.200000,99.600000,33.800000,10.800000
127.600000,99.600000,33.400000,10.800000
127.400000,99.800000,33.200000,10.600000
127.600000,99.600000,33.400000,10.800000
128.800000,99.800000,32.800000,10.600000
129.800000,99.800000,33.200000,10.600000
131.200000,99.600000,33.400000,10.800000
131.600000,99.600000,33.200000,10.600000
131.800000,99.600000,33.400000,10.800000
132.800000,99.600000,32.800000,10.600000
133.200000,99.600000,33.400000,10.800000
133.600000,99.600000,33.200000,10.600000
133.600000,99.600000,32.400000,10.400000
133.200000,99.800000,31.800000,10.200000
132.600000,100.000000,31.600000,10.000000
132.400000,99.800000,31.800000,10.200000
132.400000,99.800000,32.200000,10.200000
131.600000,99.600000,32.800000,10.600000
131.000000,99.600000,33.400000,10.800000
133.000000,99.800000,33.200000,10.600000
134.000000,99.600000,33.400000,10.800000
134.000000,99.600000,33.400000,10.800000
134.600000,99.600000,33.800000,10.800000
136.400000,99.800000,33.200000,10.600000
135.400000,99.600000,33.400000,10.800000
133.800000,99.600000,33.200000,10.600000
132.000000,99.600000,33.200000,10.600000
130.600000,99.600000,33.200000,10.600000
128.800000,99.600000,33.200000,10.600000
127.600000,99.600000,33.200000,10.600000
126.800000,99.600000,33.200000,10.600000
126.200000,99.800000,33.200000,10.600000
125.000000,99.800000,33.400000,10.800000
123.400000,100.000000,33.200000,10.600000
121.600000,100.000000,33.200000,10.600000
120.800000,100.000000,33.200000,10.600000
119.200000,100.200000,33.200000,10.600000
117.800000,100.000000,33.800000,10.800000
116.600000,100.200000,33.200000,10.600000
115.000000,100.400000,32.800000,10.600000
114.000000,100.400000,32.200000,10.200000
113.200000,100.800000,31.600000,10.000000
111.800000,100.800000,31.200000,10.000000
109.600000,100.800000,31.600000,10.000000
107.800000,100.800000,32.200000,10.200000
107.200000,100.600000,32.200000,10.200000
108.400000,100.600000,31.600000,10.000000
109.800000,101.000000,31.000000,9.800000
103.800000,103.000000,31.600000,10.000000
104.000000,104.400000,32.200000,10.200000
99.400000,102.200000,32.800000,10.600000
98.200000,101.800000,33.400000,10.800000
97.200000,102.000000,32.800000,10.600000
96.800000,102.000000,32.200000,10.200000
96.600000,102.000000,32.400000,10.400000
95.200000,102.200000,33.200000,10.600000
93.800000,102.600000,32.400000,10.400000
94.200000,103.000000,31.800000,10.200000
93.800000,102.600000,32.400000,10.400000
93.400000,102.200000,31.800000,10.200000
94.600000,102.000000,31.200000,10.000000
96.000000,101.800000,30.600000,9.800000
