118.000000,88.000000,5.000000,6.000000
117.000000,88.800000,5.000000,6.000000
113.200000,89.000000,5.000000,6.000000
113.000000,90.000000,4.800000,5.800000
112.600000,90.200000,4.800000,5.800000
114.000000,90.000000,5.000000,6.000000
114.200000,90.200000,5.000000,6.000000
114.800000,89.400000,5.000000,6.000000
115.000000,89.600000,5.000000,6.000000
115.000000,90.400000,5.000000,6.000000
115.800000,89.000000,5.000000,6.000000
116.000000,89.200000,5.000000,6.000000
116.000000,90.000000,4.800000,5.800000
116.200000,90.000000,5.000000,6.000000
116.600000,89.600000,5.000000,6.000000
116.800000,89.600000,5.000000,6.000000
117.000000,89.600000,5.000000,6.000000
117.000000,89.800000,5.000000,6.000000
117.200000,89.800000,5.000000,6.000000
117.600000,89.600000,5.000000,6.000000
117.800000,89.400000,5.000000,6.000000
117.800000,89.600000,5.000000,6.000000
118.000000,89.800000,5.000000,6.000000
118.200000,89.800000,5.000000,6.000000
118.400000,89.600000,5.000000,6.000000
118.800000,89.200000,5.000000,6.000000
118.800000,90.000000,4.800000,5.800000
118.800000,90.000000,4.800000,5.600000
119.000000,90.000000,4.800000,5.800000
119.000000,90.000000,5.000000,6.000000
119.200000,90.000000,5.000000,6.000000
119.600000,90.000000,4.800000,5.800000
119.800000,89.800000,4.800000,5.800000
119.800000,89.800000,4.800000,5.800000
120.000000,89.800000,4.800000,5.800000
120.000000,90.000000,4.800000,5.800000
120.000000,90.000000,4.800000,5.800000
120.200000,90.000000,4.800000,5.800000
120.600000,89.800000,4.800000,5.800000
120.800000,89.600000,4.800000,5.800000
120.800000,89.600000,4.800000,5.800000
120.800000,89.800000,4.800000,5.800000
121.000000,90.000000,4.800000,5.800000
121.000000,90.000000,4.800000,5.800000
121.000000,90.000000,5.000000,6.000000
121.200000,89.800000,5.000000,6.000000
121.600000,89.600000,5.000000,6.000000
121.600000,89.600000,5.000000,6.000000
121.800000,89.400000,5.000000,6.000000
121.800000,89.600000,5.000000,6.000000
121.800000,89.600000,5.000000,6.000000
121.800000,89.600000,5.000000,6.000000
122.000000,89.600000,5.000000,6.000000
122.200000,89.600000,5.000000,6.000000
122.400000,89.600000,5.000000,6.000000
122.600000,89.600000,5.000000,6.000000
122.800000,89.600000,5.000000,6.000000
122.800000,89.600000,5.000000,6.000000
123.000000,89.600000,5.000000,6.000000
123.000000,90.000000,5.000000,6.000000
123.000000,90.400000,5.000000,6.000000
123.200000,90.400000,5.000000,6.000000
123.400000,90.400000,5.000000,6.000000
124.000000,89.600000,5.000000,6.000000
123.200000,90.400000,5.000000,6.000000
120.800000,90.200000,5.000000,6.000000
117.800000,89.600000,5.000000,6.000000
116.400000,89.600000,5.000000,6.000000
115.800000,89.600000,5.000000,6.000000
113.200000,89.800000,5.000000,6.000000
