178.400000,144.000000,4.000000,6.000000
178.400000,144.000000,4.000000,6.000000
178.400000,144.000000,4.000000,6.000000
178.600000,144.000000,4.000000,6.000000
178.600000,144.000000,4.000000,6.000000
178.600000,144.000000,4.000000,6.000000
178.800000,143.800000,4.200000,6.200000
179.000000,144.000000,4.200000,6.200000
179.200000,144.000000,4.000000,6.000000
179.200000,144.000000,4.000000,6.000000
179.400000,144.000000,4.000000,6.000000
179.400000,144.000000,4.000000,6.000000
179.400000,144.000000,4.000000,6.000000
179.400000,144.000000,4.000000,6.000000
179.400000,144.000000,4.000000,6.000000
179.600000,144.000000,4.000000,6.000000
179.600000,144.000000,4.000000,6.000000
179.800000,144.000000,4.000000,6.200000
180.000000,144.000000,4.000000,6.200000
180.200000,144.000000,4.000000,6.200000
180.200000,144.000000,4.000000,6.200000
180.400000,144.000000,4.000000,6.000000
180.400000,144.000000,4.000000,6.000000
180.400000,144.000000,4.000000,6.000000
180.400000,144.000000,4.000000,6.000000
180.400000,144.000000,4.000000,6.000000
180.600000,144.000000,4.000000,6.000000
180.600000,144.000000,4.000000,6.000000
180.800000,144.000000,4.000000,6.000000
180.800000,144.000000,4.000000,6.000000
181.000000,144.000000,4.000000,6.200000
181.200000,144.000000,4.000000,6.200000
181.200000,144.000000,4.000000,6.000000
181.400000,144.000000,4.000000,6.000000
181.400000,144.000000,4.000000,6.000000
181.400000,144.000000,4.000000,6.000000
181.400000,144.000000,4.000000,6.000000
181.400000,144.000000,4.000000,6.000000
181.600000,144.000000,4.000000,6.000000
181.600000,144.000000,4.000000,6.000000
181.800000,144.000000,4.000000,6.200000
181.800000,144.000000,4.000000,6.200000
182.200000,144.000000,4.000000,6.200000
182.200000,144.000000,4.000000,6.200000
182.200000,144.000000,4.000000,6.200000
182.400000,144.000000,4.000000,6.000000
182.400000,144.000000,4.000000,6.000000
182.400000,144.000000,4.000000,6.000000
182.400000,143.800000,4.000000,6.200000
182.400000,143.800000,4.000000,6.200000
182.600000,143.800000,4.000000,6.200000
182.800000,143.800000,4.000000,6.200000
182.800000,143.800000,4.000000,6.200000
183.000000,143.800000,4.200000,6.200000
183.200000,143.800000,4.000000,6.000000
183.200000,143.800000,4.000000,6.000000
183.200000,143.800000,4.000000,6.000000
183.400000,143.800000,4.000000,6.000000
183.400000,143.800000,4.000000,6.000000
183.400000,143.800000,4.000000,6.000000
183.400000,143.800000,4.000000,6.000000
183.600000,143.800000,4.000000,6.200000
183.600000,143.800000,4.000000,6.200000
183.800000,143.800000,4.000000,6.200000
183.800000,143.800000,4.200000,6.200000
184.000000,143.800000,4.000000,6.200000
184.200000,143.800000,4.000000,6.200000
184.200000,144.000000,4.000000,6.000000
184.200000,144.000000,4.000000,6.000000
184.400000,144.000000,4.000000,6.000000
184.400000,144.000000,4.000000,6.000000
184.400000,144.000000,4.000000,6.000000
184.600000,144.000000,4.000000,6.000000
184.600000,143.800000,4.000000,6.200000
184.600000,143.800000,4.000000,6.200000
184.800000,143.800000,4.200000,6.200000
185.000000,143.800000,4.000000,6.200000
185.200000,144.000000,4.000000,6.000000
185.200000,144.000000,4.000000,6.000000
185.200000,144.000000,4.000000,6.000000
185.400000,144.000000,4.000000,6.000000
185.400000,144.000000,4.000000,6.000000
185.400000,144.000000,4.000000,6.000000
185.400000,143.800000,4.000000,6.200000
185.600000,143.800000,4.000000,6.200000
185.600000,143.800000,4.000000,6.200000
185.800000,143.800000,4.000000,6.200000
185.800000,143.800000,4.200000,6.200000
186.000000,143.800000,4.000000,6.200000
186.200000,144.000000,4.000000,6.000000
186.200000,144.000000,4.000000,6.000000
186.200000,144.000000,4.000000,6.000000
186.400000,144.000000,4.000000,6.000000
186.400000,143.800000,4.000000,6.000000
186.400000,143.800000,4.000000,6.200000
186.400000,143.800000,4.000000,6.200000
186.600000,143.800000,4.000000,6.200000
186.600000,143.800000,4.000000,6.000000
187.000000,144.000000,3.800000,5.800000
187.000000,144.000000,3.800000,5.800000
