156.000000,112.000000,8.800000,5.000000
155.800000,111.800000,9.000000,5.200000
155.600000,111.800000,9.200000,5.200000
155.200000,111.600000,9.400000,5.400000
155.000000,111.600000,9.600000,5.400000
155.000000,111.600000,9.400000,5.400000
155.000000,111.600000,9.400000,5.400000
154.800000,111.600000,9.200000,5.200000
154.800000,111.600000,9.000000,5.200000
154.600000,111.600000,9.200000,5.200000
154.400000,111.600000,9.200000,5.200000
154.800000,111.800000,9.000000,5.200000
154.400000,112.000000,9.200000,5.200000
154.200000,112.000000,9.400000,5.400000
154.000000,112.000000,9.400000,5.400000
154.000000,112.200000,9.200000,5.200000
153.800000,112.200000,9.000000,5.200000
153.800000,112.200000,8.800000,5.000000
153.600000,112.200000,8.800000,5.000000
153.600000,112.200000,8.800000,5.000000
153.800000,112.400000,8.800000,5.000000
153.800000,112.600000,8.800000,5.000000
153.600000,112.800000,8.800000,5.000000
154.000000,112.800000,8.800000,5.000000
153.800000,112.800000,9.000000,5.200000
153.800000,112.800000,8.800000,5.000000
153.400000,112.800000,8.600000,5.000000
153.400000,112.600000,8.400000,4.800000
153.200000,112.600000,8.200000,4.800000
152.200000,111.800000,8.400000,4.800000
151.400000,112.400000,8.400000,4.800000
150.600000,112.200000,8.200000,4.800000
151.200000,111.600000,8.200000,4.800000
152.000000,110.400000,8.200000,4.600000
151.800000,110.400000,8.200000,4.600000
152.600000,110.600000,8.000000,4.600000
152.800000,110.000000,8.000000,4.600000
152.800000,110.200000,8.200000,4.600000
152.400000,110.600000,8.200000,4.600000
152.800000,111.400000,8.200000,4.800000
152.600000,111.400000,8.200000,4.600000
152.400000,112.400000,8.200000,4.800000
152.400000,112.600000,8.400000,4.800000
152.200000,112.600000,8.200000,4.800000
152.000000,112.400000,8.400000,4.800000
151.200000,112.400000,8.600000,4.800000
151.000000,112.400000,8.800000,5.000000
151.000000,112.400000,8.800000,5.000000
150.600000,112.400000,8.800000,5.000000
150.000000,112.400000,8.800000,5.000000
149.600000,112.200000,8.800000,5.000000
148.000000,112.600000,8.800000,5.000000
148.400000,111.800000,8.600000,5.000000
148.400000,111.600000,8.600000,4.800000
147.800000,111.400000,8.600000,4.800000
147.600000,111.400000,8.600000,4.800000
147.600000,111.400000,8.800000,5.000000
148.000000,111.400000,8.800000,5.000000
148.600000,111.200000,8.800000,5.000000
149.000000,111.200000,8.800000,5.000000
149.200000,111.400000,8.800000,5.000000
149.000000,112.400000,8.800000,5.000000
148.600000,113.200000,9.000000,5.200000
148.200000,113.400000,8.800000,5.000000
147.800000,113.200000,8.800000,5.000000
147.200000,113.000000,9.000000,5.200000
147.200000,113.200000,8.800000,5.000000
147.200000,113.200000,9.000000,5.200000
147.400000,113.400000,9.000000,5.200000
146.400000,113.200000,9.000000,5.200000
145.600000,113.800000,8.800000,5.000000
145.000000,113.200000,8.800000,5.000000
145.200000,113.000000,8.800000,5.000000
145.600000,113.200000,8.800000,5.000000
146.200000,112.200000,8.800000,5.000000
146.000000,112.200000,8.800000,5.000000
145.800000,112.200000,8.600000,5.000000
145.600000,112.200000,8.800000,5.000000
146.000000,112.600000,8.600000,5.000000
146.200000,112.600000,8.800000,5.000000
145.800000,112.200000,8.600000,5.000000
145.200000,112.200000,8.400000,4.800000
145.200000,112.000000,8.200000,4.800000
144.200000,112.000000,8.400000,4.800000
144.000000,112.200000,8.400000,4.800000
143.800000,112.200000,8.400000,4.800000
143.600000,112.400000,8.200000,4.600000
143.800000,112.400000,8.400000,4.800000
143.400000,112.600000,8.600000,4.800000
144.000000,112.800000,8.400000,4.800000
143.800000,113.200000,8.600000,4.800000
143.800000,113.000000,8.600000,4.800000
143.800000,113.200000,8.600000,4.800000
143.400000,113.000000,8.600000,4.800000
143.400000,113.000000,8.400000,4.800000
142.800000,112.800000,8.600000,4.800000
142.600000,112.600000,8.600000,4.800000
142.400000,112.800000,8.600000,4.800000
142.200000,112.800000,8.600000,5.000000
142.000000,112.800000,8.600000,5.000000
136.800000,112.600000,8.800000,5.000000
136.600000,112.800000,8.800000,5.000000
136.800000,113.000000,8.600000,5.000000
136.600000,113.000000,8.600000,5.000000
136.600000,113.400000,8.600000,4.800000
136.400000,113.200000,8.600000,5.000000
136.400000,113.200000,8.800000,5.000000
136.200000,113.200000,9.000000,5.200000
136.200000,113.200000,8.800000,5.000000
135.800000,113.200000,9.000000,5.200000
135.800000,113.200000,8.800000,5.000000
135.800000,113.200000,8.800000,5.000000
135.600000,113.200000,9.000000,5.200000
135.200000,113.200000,9.200000,5.200000
135.200000,113.200000,9.000000,5.200000
135.200000,113.400000,8.800000,5.000000
135.000000,113.400000,8.800000,5.000000
134.800000,113.400000,8.800000,5.000000
134.600000,113.400000,8.800000,5.000000
134.400000,113.400000,8.800000,5.000000
134.200000,113.200000,8.800000,5.000000
134.000000,113.000000,8.800000,5.000000
133.600000,112.800000,9.000000,5.200000
133.400000,112.800000,9.000000,5.200000
133.200000,112.800000,9.000000,5.200000
133.200000,112.600000,9.000000,5.200000
133.200000,112.800000,8.800000,5.000000
133.400000,112.800000,8.800000,5.000000
133.600000,113.000000,8.800000,5.000000
133.400000,113.200000,8.800000,5.000000
133.400000,113.200000,8.800000,5.000000
133.000000,113.000000,8.800000,5.000000
132.800000,113.000000,8.800000,5.000000
132.600000,113.200000,8.800000,5.000000
132.600000,113.000000,8.800000,5.000000
132.400000,113.200000,8.800000,5.000000
132.000000,113.000000,8.800000,5.000000
131.800000,113.000000,8.800000,5.000000
131.400000,113.000000,8.800000,5.000000
131.200000,112.800000,8.800000,5.000000
131.000000,113.000000,8.600000,5.000000
130.800000,112.800000,8.800000,5.000000
130.400000,112.800000,8.800000,5.000000
130.200000,112.800000,8.800000,5.000000
130.200000,113.000000,8.800000,5.000000
130.000000,113.000000,9.000000,5.200000
129.600000,113.000000,9.200000,5.200000
129.200000,112.800000,9.200000,5.200000
128.800000,112.800000,9.200000,5.200000
128.800000,112.800000,9.000000,5.200000
128.400000,112.800000,9.200000,5.200000
128.000000,112.600000,9.400000,5.400000
128.000000,112.600000,9.200000,5.200000
127.800000,112.600000,9.200000,5.200000
127.400000,112.600000,9.400000,5.400000
127.200000,112.400000,9.600000,5.400000
127.000000,112.400000,9.800000,5.600000
127.000000,112.400000,9.800000,5.600000
127.000000,112.600000,9.800000,5.600000
127.000000,112.600000,9.800000,5.600000
127.000000,112.600000,9.800000,5.600000
127.000000,112.800000,9.800000,5.600000
127.000000,112.800000,9.800000,5.600000
127.000000,113.000000,10.000000,5.600000
126.800000,113.000000,10.200000,5.800000
126.600000,113.200000,10.200000,5.800000
126.400000,113.000000,10.400000,5.800000
126.000000,112.800000,10.600000,6.000000
125.600000,112.800000,10.600000,6.000000
125.400000,112.800000,10.600000,6.000000
125.200000,113.000000,10.600000,6.000000
125.000000,112.800000,10.600000,6.000000
124.800000,112.800000,10.800000,6.200000
124.800000,112.800000,10.800000,6.200000
124.600000,112.800000,11.000000,6.200000
124.400000,112.800000,10.800000,6.200000
124.400000,112.800000,10.600000,6.000000
124.400000,113.000000,10.600000,6.000000
124.200000,113.000000,10.600000,6.000000
124.000000,113.000000,10.600000,6.000000
123.800000,113.000000,10.400000,5.800000
123.400000,112.600000,10.400000,5.800000
123.200000,112.600000,10.200000,5.800000
122.800000,112.600000,10.200000,5.800000
122.800000,112.400000,10.200000,5.800000
122.600000,112.600000,10.000000,5.600000
122.600000,112.600000,9.800000,5.600000
122.600000,112.800000,9.800000,5.600000
122.400000,112.800000,9.800000,5.600000
122.200000,112.800000,9.800000,5.600000
122.200000,113.000000,9.600000,5.400000
122.000000,113.000000,9.400000,5.400000
121.800000,113.000000,9.400000,5.400000
121.600000,113.000000,9.400000,5.400000
121.400000,113.000000,9.400000,5.400000
121.200000,113.000000,9.400000,5.400000
121.000000,113.000000,9.200000,5.200000
120.600000,112.800000,9.200000,5.200000
120.400000,112.800000,9.400000,5.400000
120.000000,112.600000,9.200000,5.200000
118.000000,112.400000,9.200000,5.200000
117.000000,112.400000,9.200000,5.200000
116.600000,112.400000,9.400000,5.400000
115.400000,112.800000,9.400000,5.400000
115.800000,112.000000,9.600000,5.400000
115.800000,112.000000,9.400000,5.400000
115.600000,112.200000,9.200000,5.200000
115.800000,112.200000,9.400000,5.400000
116.200000,112.400000,9.200000,5.200000
116.600000,112.200000,9.000000,5.200000
116.800000,111.400000,9.200000,5.200000
116.600000,111.400000,9.200000,5.200000
116.600000,111.200000,9.200000,5.200000
116.000000,111.200000,9.400000,5.400000
115.600000,110.800000,9.200000,5.200000
114.800000,110.600000,9.200000,5.200000
114.000000,110.800000,9.400000,5.400000
113.600000,111.600000,9.400000,5.400000
113.800000,111.600000,9.400000,5.400000
113.200000,111.400000,9.200000,5.200000
113.200000,111.600000,9.200000,5.200000
113.400000,111.800000,9.400000,5.400000
113.400000,112.000000,9.400000,5.400000
113.200000,112.000000,9.400000,5.400000
113.200000,112.000000,9.400000,5.400000
113.200000,112.000000,9.400000,5.400000
113.000000,111.800000,9.400000,5.400000
112.600000,112.000000,9.200000,5.200000
112.400000,111.800000,9.400000,5.400000
112.200000,111.800000,9.400000,5.400000
112.200000,111.800000,9.600000,5.400000
112.400000,111.800000,9.400000,5.400000
112.800000,111.600000,9.200000,5.200000
113.000000,111.400000,9.200000,5.200000
113.000000,111.400000,9.200000,5.200000
112.600000,111.400000,9.400000,5.400000
112.200000,112.200000,9.400000,5.400000
112.000000,112.000000,9.400000,5.400000
111.800000,111.800000,9.600000,5.400000
111.400000,111.800000,9.600000,5.400000
111.400000,111.800000,9.600000,5.400000
111.000000,111.800000,9.600000,5.400000
110.600000,111.400000,9.600000,5.400000
110.400000,111.600000,9.400000,5.400000
110.400000,111.600000,9.400000,5.400000
110.200000,111.800000,9.600000,5.400000
110.400000,112.000000,9.600000,5.400000
110.600000,112.200000,9.400000,5.400000
110.400000,112.000000,9.600000,5.400000
110.200000,112.000000,9.400000,5.400000
109.800000,112.000000,9.400000,5.400000
109.800000,112.000000,9.400000,5.400000
109.600000,112.200000,9.400000,5.400000
109.800000,112.600000,9.200000,5.200000
108.800000,111.800000,9.400000,5.400000
108.400000,111.800000,9.400000,5.400000
108.000000,111.800000,9.400000,5.400000
107.800000,112.000000,9.400000,5.400000
108.000000,112.200000,9.200000,5.200000
107.800000,112.600000,9.200000,5.200000
108.000000,112.600000,9.400000,5.400000
108.200000,112.800000,9.200000,5.200000
108.000000,112.800000,9.000000,5.200000
107.600000,112.800000,9.000000,5.200000
107.200000,112.800000,8.800000,5.000000
107.000000,112.800000,9.000000,5.200000
106.800000,112.800000,9.000000,5.200000
106.800000,112.800000,9.000000,5.200000
106.800000,112.800000,8.800000,5.000000
106.600000,112.800000,8.800000,5.000000
106.200000,112.800000,8.800000,5.000000
106.000000,112.800000,8.800000,5.000000
106.000000,112.800000,8.600000,5.000000
105.800000,112.800000,8.800000,5.000000
105.800000,112.800000,8.800000,5.000000
105.200000,112.200000,8.600000,5.000000
104.800000,112.400000,8.800000,5.000000
104.200000,112.400000,8.800000,5.000000
103.800000,112.400000,8.800000,5.000000
103.400000,112.400000,8.800000,5.000000
103.200000,112.600000,8.800000,5.000000
103.200000,112.800000,8.800000,5.000000
103.200000,112.800000,9.000000,5.200000
103.400000,113.000000,9.000000,5.200000
103.400000,113.200000,9.200000,5.200000
103.200000,113.400000,9.200000,5.200000
103.000000,113.400000,9.200000,5.200000
102.800000,113.200000,9.200000,5.200000
102.800000,113.400000,9.000000,5.200000
102.600000,113.400000,9.200000,5.200000
102.400000,113.400000,9.200000,5.200000
102.400000,113.600000,9.000000,5.200000
101.600000,113.200000,9.200000,5.200000
101.200000,113.000000,9.400000,5.400000
100.800000,113.000000,9.400000,5.400000
100.600000,112.800000,9.400000,5.400000
100.600000,112.800000,9.400000,5.400000
100.200000,113.000000,9.600000,5.400000
100.200000,113.000000,9.400000,5.400000
99.800000,113.000000,9.400000,5.400000
