190.000000,96.400000,23.000000,20.000000
189.800000,96.400000,23.400000,20.400000
189.600000,96.200000,23.400000,20.400000
189.600000,96.200000,23.400000,20.400000
189.800000,96.200000,23.400000,20.400000
189.800000,96.400000,23.400000,20.400000
190.000000,96.600000,23.000000,20.000000
190.200000,96.600000,22.600000,19.600000
190.000000,96.600000,22.600000,19.600000
190.000000,96.600000,22.400000,19.400000
190.200000,96.800000,22.400000,19.400000
190.000000,96.600000,22.600000,19.600000
190.000000,96.600000,22.400000,19.400000
190.000000,96.600000,22.400000,19.400000
190.000000,96.600000,22.400000,19.400000
190.000000,96.600000,22.400000,19.400000
190.000000,96.600000,22.400000,19.400000
190.200000,96.800000,21.800000,19.000000
190.000000,96.600000,22.400000,19.400000
190.000000,96.800000,22.200000,19.200000
190.000000,96.800000,21.800000,19.000000
190.000000,96.600000,22.400000,19.400000
190.000000,96.600000,22.400000,19.400000
190.000000,96.600000,22.400000,19.400000
190.000000,96.600000,22.400000,19.400000
190.000000,96.600000,22.400000,19.400000
190.200000,96.600000,22.400000,19.400000
190.200000,96.600000,22.400000,19.400000
190.200000,96.600000,22.400000,19.400000
190.200000,96.600000,22.400000,19.400000
190.400000,96.800000,22.400000,19.400000
190.200000,96.800000,22.400000,19.400000
190.000000,96.400000,22.800000,19.800000
190.400000,96.800000,22.400000,19.400000
190.200000,96.800000,22.400000,19.400000
190.200000,96.800000,22.400000,19.400000
190.200000,96.800000,22.400000,19.400000
190.200000,96.800000,22.400000,19.400000
190.200000,96.800000,22.400000,19.400000
190.200000,96.800000,22.400000,19.400000
190.200000,96.800000,22.400000,19.400000
190.000000,96.800000,22.400000,19.400000
190.000000,96.600000,22.400000,19.400000
190.200000,96.600000,22.400000,19.400000
190.200000,96.600000,22.400000,19.400000
190.400000,96.600000,22.400000,19.400000
190.200000,96.600000,22.600000,19.600000
190.200000,96.600000,22.600000,19.600000
190.400000,96.600000,22.400000,19.400000
190.400000,96.600000,22.400000,19.400000
190.200000,96.400000,22.800000,19.800000
190.400000,96.400000,22.800000,19.800000
190.400000,96.600000,22.600000,19.600000
190.200000,96.400000,22.800000,19.800000
190.200000,96.400000,22.600000,19.600000
190.200000,96.600000,22.400000,19.400000
190.200000,96.400000,22.600000,19.600000
190.400000,96.600000,22.600000,19.600000
190.200000,96.400000,22.600000,19.600000
190.400000,96.600000,22.400000,19.400000
190.400000,96.400000,22.600000,19.600000
190.400000,96.600000,22.400000,19.400000
190.400000,96.600000,22.600000,19.600000
190.400000,96.600000,22.400000,19.400000
190.400000,96.600000,22.600000,19.600000
190.400000,96.600000,22.400000,19.400000
190.400000,96.600000,22.400000,19.400000
190.400000,96.600000,22.600000,19.600000
190.400000,96.600000,22.400000,19.400000
190.200000,96.400000,22.800000,19.800000
190.200000,96.400000,22.800000,19.800000
190.400000,96.600000,22.800000,19.800000
190.200000,96.400000,23.000000,20.000000
190.200000,96.600000,22.800000,19.800000
190.400000,96.600000,22.600000,19.600000
190.400000,96.600000,22.600000,19.600000
190.200000,96.600000,22.800000,19.800000
190.400000,96.600000,22.600000,19.600000
190.400000,96.600000,22.600000,19.600000
190.400000,96.600000,22.600000,19.600000
190.400000,96.800000,22.400000,19.400000
190.400000,96.800000,22.400000,19.400000
190.200000,96.600000,22.800000,19.800000
190.200000,96.600000,22.800000,19.800000
190.200000,96.600000,22.400000,19.400000
190.600000,96.800000,21.800000,19.000000
190.400000,96.600000,22.400000,19.400000
190.600000,96.800000,21.800000,19.000000
190.400000,96.400000,22.400000,19.400000
190.600000,96.400000,21.800000,19.000000
190.000000,96.400000,22.400000,19.400000
189.800000,98.400000,22.200000,19.200000
188.800000,98.600000,22.600000,19.600000
188.200000,98.800000,23.000000,20.000000
188.000000,98.600000,23.400000,20.400000
188.000000,98.600000,23.600000,20.600000
188.000000,98.800000,23.200000,20.200000
188.000000,98.800000,23.400000,20.400000
188.000000,98.800000,23.200000,20.200000
188.000000,98.600000,23.600000,20.600000
188.000000,98.600000,23.600000,20.600000
188.400000,98.800000,23.200000,20.200000
188.400000,98.800000,23.200000,20.200000
188.400000,98.800000,23.200000,20.200000
188.600000,99.200000,22.600000,19.800000
188.800000,99.000000,23.200000,20.200000
188.800000,99.000000,23.200000,20.200000
189.000000,99.000000,23.200000,20.200000
189.200000,99.000000,23.200000,20.200000
189.200000,99.000000,23.200000,20.200000
189.200000,99.000000,23.200000,20.200000
189.000000,98.800000,23.600000,20.600000
189.000000,98.800000,23.600000,20.600000
189.000000,98.800000,23.600000,20.600000
189.200000,98.800000,23.600000,20.600000
189.200000,98.800000,23.600000,20.600000
189.200000,98.800000,23.600000,20.600000
189.200000,98.800000,23.600000,20.600000
189.200000,98.800000,23.600000,20.600000
189.200000,98.800000,23.600000,20.600000
189.200000,98.800000,23.600000,20.600000
189.600000,99.000000,23.200000,20.200000
189.600000,99.000000,23.200000,20.200000
189.600000,99.000000,23.200000,20.200000
189.400000,98.800000,23.600000,20.600000
189.200000,98.800000,23.600000,20.600000
189.200000,98.800000,23.600000,20.600000
189.400000,98.800000,23.600000,20.600000
189.200000,98.800000,23.600000,20.600000
189.400000,98.800000,23.600000,20.600000
189.400000,98.800000,23.600000,20.600000
189.200000,98.600000,24.000000,21.000000
189.400000,98.800000,23.600000,20.600000
189.800000,99.000000,23.200000,20.200000
189.800000,99.200000,23.000000,20.000000
189.800000,99.200000,23.000000,20.000000
189.800000,99.200000,23.000000,20.000000
189.600000,99.000000,23.000000,20.000000
189.800000,99.200000,23.000000,20.000000
189.600000,99.200000,23.200000,20.200000
190.000000,99.400000,22.600000,19.800000
190.200000,99.800000,22.200000,19.400000
190.200000,99.600000,22.200000,19.400000
190.400000,99.800000,21.800000,19.000000
190.400000,99.800000,22.000000,19.200000
190.200000,99.600000,22.200000,19.400000
190.200000,99.400000,22.600000,19.800000
190.200000,99.400000,22.400000,19.600000
190.400000,99.400000,22.400000,19.600000
190.400000,99.400000,22.400000,19.600000
189.400000,98.800000,23.600000,20.600000
189.600000,98.800000,23.600000,20.600000
189.400000,98.400000,24.000000,21.000000
189.400000,98.600000,24.000000,21.000000
189.400000,98.600000,24.000000,21.000000
189.800000,98.800000,23.600000,20.600000
190.000000,99.000000,23.200000,20.200000
190.200000,99.000000,23.200000,20.200000
190.200000,99.000000,23.200000,20.200000
190.200000,99.000000,23.200000,20.200000
190.200000,99.000000,23.200000,20.200000
190.200000,99.000000,23.200000,20.200000
190.200000,99.000000,23.200000,20.200000
190.200000,99.000000,23.200000,20.200000
190.200000,99.000000,23.200000,20.200000
190.200000,99.000000,23.200000,20.200000
190.200000,99.000000,23.200000,20.200000
190.200000,98.800000,23.200000,20.200000
190.000000,98.600000,23.400000,20.400000
190.000000,98.400000,23.400000,20.400000
190.000000,98.400000,23.800000,20.400000
190.200000,98.600000,23.600000,20.200000
190.200000,98.600000,23.600000,20.200000
190.200000,98.600000,23.600000,20.200000
190.000000,98.600000,23.800000,20.400000
190.000000,98.400000,24.000000,20.600000
190.000000,98.200000,24.600000,21.000000
190.200000,98.400000,24.200000,20.800000
190.200000,98.600000,24.000000,20.600000
190.200000,98.600000,24.200000,20.800000
190.200000,98.600000,24.200000,20.800000
190.400000,99.000000,23.800000,20.400000
190.400000,99.000000,24.000000,20.600000
190.400000,99.000000,24.000000,20.600000
190.400000,99.000000,24.000000,20.600000
190.600000,99.200000,23.800000,20.400000
190.600000,99.200000,22.000000,20.400000
190.600000,99.200000,24.200000,20.400000
190.600000,99.200000,24.400000,20.400000
190.400000,99.200000,24.400000,20.400000
190.400000,99.200000,24.400000,20.400000
190.600000,99.400000,24.400000,20.200000
190.600000,99.400000,24.400000,20.200000
190.400000,99.400000,24.400000,20.200000
190.400000,99.400000,24.400000,20.200000
190.400000,99.200000,24.400000,20.200000
190.400000,99.400000,24.600000,19.800000
190.200000,99.400000,24.800000,19.800000
190.000000,99.200000,25.200000,20.000000
189.800000,99.200000,25.400000,20.000000
189.600000,99.200000,25.600000,20.000000
189.800000,99.400000,25.600000,20.000000
189.800000,99.200000,25.600000,20.000000
189.800000,99.200000,25.600000,20.000000
189.800000,99.200000,25.600000,20.000000
190.400000,99.600000,25.000000,19.600000
190.400000,99.600000,25.000000,19.600000
190.400000,99.600000,25.000000,19.600000
190.400000,99.600000,25.000000,19.600000
190.200000,99.400000,25.600000,20.000000
190.200000,99.400000,25.400000,20.000000
190.400000,99.600000,25.400000,19.800000
190.400000,99.600000,25.600000,19.800000
190.400000,99.600000,25.600000,19.800000
190.400000,99.600000,25.800000,19.800000
190.400000,99.600000,25.800000,19.800000
190.400000,99.600000,26.000000,19.800000
190.400000,99.600000,26.000000,19.800000
190.400000,99.600000,26.200000,19.800000
190.400000,99.600000,26.200000,19.800000
190.000000,99.600000,26.400000,19.800000
190.200000,99.800000,26.400000,19.600000
190.200000,99.800000,26.200000,19.600000
190.200000,99.800000,26.200000,19.600000
190.000000,99.800000,26.400000,19.400000
190.000000,100.000000,26.400000,19.200000
190.000000,100.000000,26.400000,19.200000
189.800000,99.800000,26.200000,19.400000
190.000000,100.000000,26.600000,19.200000
189.800000,99.800000,26.600000,19.400000
190.000000,99.800000,26.600000,19.200000
190.000000,100.000000,26.600000,18.800000
190.000000,100.000000,26.800000,18.800000
190.200000,99.800000,25.600000,19.200000
190.200000,99.800000,25.800000,19.400000
190.200000,99.800000,25.800000,19.400000
190.200000,99.800000,25.800000,19.400000
190.200000,99.600000,26.400000,19.800000
190.600000,99.800000,26.600000,19.400000
190.600000,99.800000,26.800000,19.400000
190.000000,99.600000,26.800000,19.800000
190.200000,99.600000,26.800000,19.800000
190.200000,99.800000,27.000000,19.600000
190.200000,99.800000,27.000000,19.600000
190.200000,99.800000,26.800000,19.600000
190.200000,99.800000,26.800000,19.600000
190.200000,99.800000,26.800000,19.600000
190.200000,99.800000,27.000000,19.600000
190.200000,99.800000,27.000000,19.600000
190.200000,99.800000,27.000000,19.600000
190.200000,99.800000,27.200000,19.600000
190.000000,99.800000,27.200000,19.400000
189.800000,99.800000,27.400000,19.600000
189.800000,99.800000,27.400000,19.600000
190.000000,100.000000,27.400000,19.200000
190.000000,100.000000,27.600000,19.000000
190.000000,100.000000,27.600000,19.200000
190.000000,100.000000,27.800000,19.200000
190.200000,100.000000,27.800000,19.000000
190.000000,99.800000,27.800000,19.200000
189.600000,99.800000,28.000000,19.200000
189.600000,100.200000,28.000000,18.800000
189.600000,100.200000,28.000000,18.800000
189.600000,100.200000,28.000000,18.800000
189.600000,100.200000,28.200000,18.800000
189.800000,100.200000,28.200000,18.800000
189.800000,100.200000,28.400000,18.800000
189.800000,100.200000,28.400000,18.800000
189.800000,100.000000,28.600000,19.200000
189.600000,99.600000,29.000000,19.600000
189.600000,99.600000,29.200000,19.600000
189.800000,99.600000,29.200000,19.600000
189.800000,99.600000,29.200000,19.600000
190.000000,100.000000,29.000000,19.200000
190.000000,100.000000,29.000000,19.200000
190.000000,100.200000,28.800000,18.800000
190.200000,100.000000,29.200000,19.200000
190.200000,100.200000,29.000000,18.800000
190.200000,100.000000,29.200000,19.200000
190.200000,100.200000,29.000000,18.800000
190.200000,100.200000,29.000000,18.800000
190.000000,100.200000,29.200000,19.000000
190.000000,100.200000,29.200000,19.000000
190.200000,100.200000,29.000000,18.800000
190.200000,100.200000,29.000000,18.800000
190.000000,100.200000,29.000000,18.800000
190.000000,100.600000,29.200000,18.400000
189.800000,100.200000,29.000000,18.800000
189.800000,100.200000,29.000000,18.800000
189.600000,100.200000,29.000000,18.800000
190.000000,100.400000,29.000000,18.400000
189.600000,100.200000,29.200000,18.800000
190.000000,100.400000,29.200000,18.400000
190.000000,100.600000,29.400000,18.200000
189.800000,100.400000,29.400000,18.400000
189.600000,100.200000,29.600000,18.800000
189.400000,100.200000,29.600000,18.800000
189.400000,100.200000,29.800000,18.800000
189.600000,100.200000,29.800000,18.800000
189.600000,100.200000,30.000000,18.800000
189.600000,100.200000,30.200000,18.800000
189.800000,100.400000,29.600000,18.400000
190.000000,100.600000,29.400000,18.200000
190.000000,100.600000,29.400000,18.200000
190.000000,100.600000,29.400000,18.200000
190.000000,100.600000,29.400000,18.200000
189.800000,100.600000,29.600000,18.400000
189.600000,100.200000,30.000000,18.800000
189.600000,100.400000,30.200000,18.800000
189.400000,100.200000,30.200000,18.800000
189.600000,100.400000,30.200000,18.800000
189.600000,100.400000,30.400000,18.800000
189.400000,100.400000,30.400000,18.800000
189.600000,100.400000,30.400000,18.800000
189.200000,100.400000,30.600000,18.800000
189.200000,100.400000,30.600000,18.800000
189.600000,100.400000,30.600000,18.800000
189.600000,100.400000,30.800000,18.800000
189.400000,100.400000,30.800000,18.800000
189.400000,100.400000,31.000000,18.800000
189.400000,100.400000,31.200000,18.800000
189.600000,100.600000,30.800000,18.600000
189.600000,100.600000,30.800000,18.600000
189.600000,100.600000,30.800000,18.600000
189.600000,100.600000,30.800000,18.600000
189.600000,100.600000,30.800000,18.600000
189.800000,100.600000,30.800000,18.600000
189.800000,100.600000,30.800000,18.600000
190.000000,100.800000,30.600000,18.400000
190.000000,100.800000,30.600000,18.200000
190.000000,100.800000,30.600000,18.200000
190.200000,100.800000,30.800000,18.200000
190.200000,100.800000,30.800000,18.200000
190.200000,100.800000,30.800000,18.200000
190.400000,100.800000,30.800000,18.200000
190.000000,100.800000,31.000000,18.200000
190.000000,100.800000,31.000000,18.200000
190.000000,100.800000,31.000000,18.200000
190.000000,100.800000,31.200000,18.200000
190.000000,100.800000,31.200000,18.200000
190.000000,100.800000,31.200000,18.200000
190.200000,101.000000,30.800000,18.000000
190.000000,101.200000,30.600000,17.600000
190.000000,101.200000,31.000000,17.600000
190.000000,101.200000,30.600000,17.600000
190.000000,101.200000,30.800000,17.600000
190.000000,101.200000,30.800000,17.600000
190.000000,101.200000,30.800000,17.600000
190.000000,101.200000,30.600000,17.600000
190.000000,101.200000,30.600000,17.600000
190.000000,101.200000,30.600000,17.600000
190.000000,101.200000,30.600000,17.600000
190.000000,101.000000,30.800000,18.000000
190.000000,101.200000,30.800000,17.600000
190.000000,101.200000,31.000000,17.600000
190.200000,101.000000,31.000000,17.800000
190.200000,101.200000,30.800000,17.600000
190.200000,101.000000,31.200000,17.800000
190.200000,101.200000,31.000000,17.600000
190.200000,101.400000,31.000000,17.600000
190.000000,101.400000,31.600000,17.600000
190.200000,101.600000,31.600000,17.400000
190.400000,101.800000,31.600000,17.200000
190.200000,101.600000,31.600000,17.600000
190.000000,101.600000,31.800000,17.600000
190.200000,101.600000,31.800000,17.600000
190.200000,101.600000,32.000000,17.600000
190.200000,101.400000,32.000000,17.600000
190.200000,101.400000,32.000000,17.600000
190.200000,101.400000,32.000000,17.600000
190.200000,101.400000,32.000000,17.600000
190.400000,101.600000,32.000000,17.600000
190.400000,101.600000,31.400000,17.200000
190.400000,99.600000,32.000000,17.600000
191.600000,99.600000,32.000000,17.600000
192.000000,99.400000,31.400000,17.200000
191.800000,99.600000,31.600000,17.000000
191.400000,100.000000,31.800000,17.200000
191.200000,102.000000,32.000000,17.200000
191.000000,103.000000,32.200000,17.000000
191.000000,103.000000,32.400000,17.000000
190.600000,105.000000,32.200000,16.600000
190.200000,105.000000,32.400000,16.400000
190.600000,103.600000,32.600000,16.400000
191.400000,103.800000,32.600000,16.000000
190.600000,104.200000,32.600000,16.400000
190.200000,104.000000,32.800000,16.600000
190.200000,104.200000,32.800000,16.400000
190.200000,104.400000,33.000000,16.600000
190.000000,104.400000,33.000000,16.800000
190.000000,104.400000,33.200000,16.800000
190.200000,104.600000,32.800000,16.600000
190.000000,104.400000,33.200000,16.800000
190.000000,104.600000,32.800000,16.600000
190.400000,104.800000,32.600000,16.400000
190.200000,104.800000,32.600000,16.200000
190.200000,104.800000,32.800000,16.200000
190.400000,104.800000,32.800000,16.200000
190.600000,105.000000,32.400000,15.800000
190.600000,105.000000,32.800000,15.800000
