242.000000,74.000000,8.000000,6.000000
242.000000,74.000000,8.000000,6.000000
242.200000,73.800000,8.200000,6.200000
242.200000,73.800000,8.400000,6.200000
242.400000,73.800000,8.400000,6.200000
242.800000,73.800000,8.200000,6.200000
242.600000,73.800000,8.400000,6.200000
242.600000,73.600000,8.600000,6.400000
242.800000,73.600000,8.600000,6.400000
243.000000,73.800000,8.600000,6.400000
243.400000,73.800000,8.400000,6.200000
243.400000,73.800000,8.400000,6.200000
243.400000,73.800000,8.400000,6.400000
243.600000,73.800000,8.400000,6.400000
243.600000,73.800000,8.600000,6.400000
243.800000,73.800000,8.600000,6.400000
244.000000,73.800000,8.400000,6.200000
244.400000,73.800000,8.400000,6.200000
244.600000,73.800000,8.400000,6.200000
244.400000,73.800000,8.600000,6.400000
244.600000,73.800000,8.600000,6.400000
244.800000,73.800000,8.600000,6.400000
245.000000,73.600000,8.800000,6.600000
245.200000,73.600000,8.600000,6.400000
245.600000,73.800000,8.400000,6.200000
245.400000,73.800000,8.600000,6.400000
245.800000,73.800000,8.400000,6.400000
245.600000,73.600000,8.600000,6.400000
246.000000,73.600000,8.600000,6.400000
246.400000,73.800000,8.400000,6.200000
246.600000,73.800000,8.400000,6.200000
246.600000,73.800000,8.400000,6.400000
246.600000,73.600000,8.600000,6.400000
246.600000,73.600000,8.600000,6.400000
246.800000,73.600000,8.600000,6.400000
247.000000,73.600000,8.800000,6.600000
247.400000,73.800000,8.400000,6.400000
247.600000,73.600000,8.400000,6.400000
247.400000,73.600000,8.600000,6.400000
247.000000,73.400000,9.000000,6.800000
247.400000,73.400000,9.000000,6.800000
247.600000,73.400000,9.000000,6.800000
247.800000,73.400000,9.000000,6.800000
248.000000,73.400000,9.000000,6.800000
248.000000,73.400000,9.000000,6.800000
248.200000,73.400000,9.000000,6.800000
248.200000,73.400000,9.000000,6.800000
248.400000,73.400000,9.000000,6.800000
248.400000,73.200000,9.400000,7.000000
248.800000,73.400000,9.000000,6.800000
249.000000,73.400000,9.000000,6.800000
249.000000,73.400000,9.000000,6.800000
249.200000,73.400000,9.000000,6.800000
249.400000,73.400000,9.000000,6.800000
249.600000,73.800000,8.600000,6.400000
249.800000,73.600000,8.800000,6.600000
250.000000,73.600000,8.800000,6.600000
250.000000,73.600000,8.800000,6.600000
250.200000,73.600000,8.800000,6.600000
250.400000,73.800000,8.600000,6.400000
250.200000,73.400000,9.000000,6.800000
250.000000,73.200000,9.400000,7.000000
250.400000,73.400000,9.000000,6.800000
250.800000,73.600000,8.800000,6.600000
251.200000,73.800000,8.600000,6.400000
251.200000,73.800000,8.600000,6.400000
251.200000,73.800000,8.800000,6.600000
251.200000,73.600000,9.000000,6.800000
251.000000,73.200000,9.400000,7.000000
251.400000,73.400000,9.000000,6.800000
251.800000,73.600000,8.800000,6.600000
252.000000,73.600000,8.800000,6.600000
252.200000,73.800000,8.600000,6.400000
252.000000,73.600000,9.000000,6.800000
252.200000,73.600000,8.800000,6.600000
252.200000,73.600000,9.000000,6.800000
252.000000,73.200000,9.400000,7.000000
252.400000,73.400000,9.000000,6.800000
252.800000,73.600000,8.800000,6.600000
253.000000,73.800000,8.800000,6.600000
252.800000,73.600000,9.000000,6.800000
253.200000,73.800000,8.800000,6.600000
253.400000,73.800000,8.600000,6.400000
253.200000,73.600000,9.000000,6.800000
253.000000,73.200000,9.400000,7.000000
253.200000,73.400000,9.000000,6.800000
253.800000,73.600000,8.800000,6.600000
253.600000,73.600000,9.000000,6.800000
254.000000,73.800000,8.800000,6.600000
253.800000,73.600000,9.000000,6.800000
254.400000,73.800000,8.600000,6.400000
254.200000,73.600000,9.000000,6.800000
254.200000,73.600000,9.000000,6.800000
254.000000,73.200000,9.400000,7.000000
254.400000,73.600000,9.000000,6.800000
254.800000,73.800000,8.800000,6.600000
255.200000,74.000000,8.600000,6.400000
255.200000,74.000000,8.600000,6.400000
255.400000,74.000000,8.600000,6.400000
255.200000,73.600000,9.000000,6.800000
255.000000,73.400000,9.400000,7.000000
255.400000,73.600000,9.000000,6.800000
255.600000,74.200000,8.800000,6.600000
255.800000,73.600000,8.800000,6.600000
256.000000,74.000000,8.600000,6.400000
256.400000,74.200000,8.400000,6.400000
256.200000,74.000000,8.600000,6.400000
256.600000,74.200000,8.400000,6.400000
256.600000,74.200000,8.400000,6.400000
256.600000,74.000000,8.600000,6.400000
256.800000,74.200000,8.400000,6.200000
256.800000,74.200000,8.600000,6.400000
257.000000,74.200000,8.400000,6.400000
257.200000,74.200000,8.400000,6.400000
257.400000,74.200000,8.400000,6.400000
257.400000,74.200000,8.400000,6.400000
257.600000,74.200000,8.400000,6.400000
257.600000,74.200000,8.400000,6.400000
257.600000,73.800000,8.800000,6.600000
257.800000,74.000000,8.600000,6.400000
258.000000,74.200000,8.400000,6.400000
258.000000,74.200000,8.400000,6.400000
258.200000,74.200000,8.400000,6.400000
258.200000,74.000000,8.600000,6.400000
258.200000,74.000000,8.600000,6.400000
258.000000,73.600000,9.000000,6.800000
258.200000,73.600000,9.000000,6.800000
258.400000,73.800000,8.800000,6.600000
258.600000,73.800000,8.600000,6.400000
258.800000,73.800000,8.800000,6.600000
258.800000,73.600000,8.800000,6.600000
259.000000,73.800000,8.600000,6.400000
259.200000,73.800000,8.600000,6.400000
259.000000,73.600000,9.000000,6.800000
259.200000,73.600000,8.800000,6.600000
259.000000,73.600000,9.000000,6.800000
259.000000,73.200000,9.400000,7.000000
259.200000,73.400000,9.000000,6.800000
259.400000,73.600000,9.000000,6.800000
259.600000,73.800000,8.800000,6.600000
260.000000,73.800000,8.600000,6.400000
260.000000,73.800000,8.600000,6.400000
260.200000,74.000000,8.400000,6.200000
260.800000,74.200000,8.000000,6.000000
260.400000,74.000000,8.400000,6.200000
260.400000,73.800000,8.600000,6.400000
260.600000,73.800000,8.600000,6.400000
260.400000,73.600000,9.000000,6.800000
260.600000,73.800000,8.800000,6.600000
260.600000,73.600000,9.000000,6.800000
260.800000,73.800000,8.800000,6.600000
260.600000,73.600000,9.000000,6.800000
261.000000,73.800000,8.800000,6.600000
261.000000,73.600000,9.000000,6.800000
261.200000,73.800000,8.800000,6.600000
261.200000,73.600000,9.000000,6.800000
261.200000,73.600000,9.000000,6.800000
261.400000,73.600000,9.000000,6.800000
261.800000,73.800000,8.600000,6.400000
261.800000,73.800000,8.800000,6.600000
261.800000,73.800000,8.800000,6.600000
262.200000,73.800000,8.600000,6.400000
262.200000,74.000000,8.600000,6.400000
262.400000,74.000000,8.400000,6.400000
262.400000,74.200000,8.400000,6.400000
262.600000,74.000000,8.400000,6.400000
262.600000,74.000000,8.400000,6.400000
262.800000,74.000000,8.400000,6.400000
262.800000,74.000000,8.400000,6.400000
263.000000,74.200000,8.400000,6.400000
263.000000,74.200000,8.400000,6.200000
263.200000,74.000000,8.400000,6.400000
263.200000,74.200000,8.400000,6.400000
263.200000,74.000000,8.600000,6.400000
263.200000,74.000000,8.600000,6.400000
263.400000,74.200000,8.400000,6.400000
263.600000,74.200000,8.400000,6.400000
263.800000,74.000000,8.400000,6.400000
263.800000,74.200000,8.400000,6.400000
263.800000,74.000000,8.400000,6.400000
264.000000,74.200000,8.400000,6.400000
264.000000,74.000000,8.400000,6.400000
264.200000,74.000000,8.400000,6.400000
264.200000,74.000000,8.400000,6.400000
264.200000,74.000000,8.400000,6.400000
264.600000,74.400000,8.200000,6.200000
264.400000,74.000000,8.400000,6.400000
264.600000,74.000000,8.400000,6.400000
264.600000,74.000000,8.600000,6.400000
264.800000,74.000000,8.400000,6.400000
264.800000,74.000000,8.400000,6.400000
265.000000,74.200000,8.400000,6.200000
265.200000,74.400000,8.000000,6.000000
265.400000,74.400000,7.800000,5.800000
265.400000,74.400000,7.800000,5.800000
265.600000,74.400000,8.000000,6.000000
265.600000,74.400000,7.800000,5.800000
265.800000,74.400000,8.000000,6.000000
265.800000,74.200000,8.200000,6.200000
265.600000,74.200000,8.400000,6.400000
