220.800000,104.800000,16.000000,4.800000
221.000000,105.000000,16.200000,4.800000
221.600000,105.200000,16.400000,5.000000
221.800000,105.400000,16.400000,5.000000
222.400000,105.200000,16.400000,5.000000
223.000000,105.400000,16.200000,4.800000
223.400000,105.400000,16.400000,5.000000
224.000000,105.600000,16.200000,4.800000
224.600000,105.600000,16.200000,4.800000
225.200000,105.800000,15.800000,4.800000
226.000000,105.800000,15.600000,4.600000
227.000000,105.800000,15.200000,4.600000
227.600000,105.800000,15.200000,4.600000
228.200000,105.800000,15.200000,4.600000
228.800000,105.600000,15.200000,4.600000
229.400000,105.400000,15.600000,4.600000
230.000000,105.400000,15.600000,4.600000
230.600000,105.400000,15.600000,4.600000
231.600000,105.600000,15.200000,4.600000
232.200000,105.600000,15.200000,4.600000
232.800000,105.800000,15.000000,4.600000
233.000000,105.800000,15.000000,4.400000
234.000000,105.800000,15.000000,4.600000
234.800000,105.800000,15.200000,4.600000
235.000000,105.600000,15.200000,4.600000
235.200000,105.600000,15.000000,4.600000
235.800000,105.800000,15.200000,4.600000
235.800000,105.800000,15.000000,4.600000
236.000000,105.800000,15.000000,4.600000
233.800000,105.800000,14.800000,4.400000
231.200000,106.400000,14.800000,4.400000
228.400000,106.200000,15.000000,4.600000
226.600000,106.200000,15.400000,4.600000
224.400000,106.400000,15.600000,4.800000
222.200000,106.400000,15.800000,4.800000
220.800000,106.600000,15.600000,4.800000
219.200000,106.600000,15.600000,4.600000
217.000000,106.600000,15.200000,4.600000
215.200000,106.800000,15.000000,4.600000
214.000000,106.800000,15.200000,4.600000
211.800000,106.800000,15.200000,4.600000
211.400000,106.600000,15.200000,4.600000
211.600000,107.400000,15.200000,4.600000
211.600000,106.400000,15.600000,4.600000
210.600000,106.800000,15.600000,4.600000
209.600000,106.800000,15.600000,4.800000
209.200000,107.000000,15.600000,4.800000
209.000000,107.000000,15.400000,4.600000
207.800000,107.200000,15.400000,4.600000
206.000000,107.200000,15.200000,4.600000
203.200000,107.000000,15.600000,4.600000
201.000000,107.000000,15.400000,4.600000
198.200000,107.200000,15.000000,4.600000
197.000000,107.200000,15.200000,4.600000
196.000000,107.200000,15.200000,4.600000
193.800000,107.200000,15.400000,4.600000
192.000000,107.200000,15.400000,4.600000
191.400000,107.200000,15.400000,4.600000
190.800000,107.200000,15.000000,4.600000
189.800000,107.200000,15.000000,4.400000
187.800000,107.400000,15.000000,4.600000
185.800000,107.400000,15.000000,4.600000
183.800000,107.600000,14.800000,4.400000
181.800000,108.000000,14.400000,4.400000
181.600000,108.000000,14.200000,4.200000
182.200000,108.000000,14.200000,4.200000
182.600000,107.800000,14.400000,4.400000
182.200000,108.000000,14.400000,4.400000
181.200000,108.000000,14.400000,4.400000
180.400000,108.200000,14.400000,4.400000
179.000000,108.200000,14.600000,4.400000
177.400000,108.400000,15.000000,4.400000
175.400000,108.200000,15.200000,4.600000
173.000000,108.400000,15.000000,4.600000
171.200000,108.400000,15.000000,4.600000
169.400000,108.600000,14.800000,4.400000
166.200000,108.800000,14.800000,4.400000
163.200000,108.800000,14.600000,4.400000
158.600000,109.200000,14.600000,4.400000
154.600000,109.200000,14.800000,4.400000
151.000000,109.400000,15.000000,4.600000
148.600000,109.200000,15.400000,4.600000
149.400000,109.200000,15.600000,4.800000
149.800000,109.200000,15.600000,4.800000
150.600000,109.200000,15.600000,4.800000
151.000000,109.000000,15.600000,4.800000
151.600000,108.800000,15.600000,4.800000
152.600000,108.800000,15.400000,4.600000
153.200000,108.800000,15.200000,4.600000
153.800000,108.800000,15.200000,4.600000
154.400000,108.800000,15.200000,4.600000
155.000000,108.800000,15.200000,4.600000
155.600000,108.800000,15.200000,4.600000
156.200000,108.600000,15.200000,4.600000
156.800000,108.600000,15.200000,4.600000
157.400000,108.600000,15.000000,4.600000
158.200000,108.800000,15.000000,4.400000
158.600000,109.000000,15.000000,4.600000
159.200000,108.800000,15.200000,4.600000
159.600000,108.800000,15.000000,4.600000
163.800000,108.800000,14.800000,4.400000
164.200000,108.800000,14.600000,4.400000
165.000000,108.800000,14.400000,4.400000
165.600000,108.800000,14.400000,4.400000
165.800000,108.800000,14.600000,4.400000
166.600000,109.000000,14.400000,4.400000
167.000000,109.000000,14.400000,4.400000
167.800000,109.000000,14.400000,4.400000
168.400000,109.000000,14.800000,4.400000
169.000000,109.000000,14.600000,4.400000
169.400000,109.000000,14.600000,4.400000
169.800000,109.000000,14.400000,4.400000
170.200000,109.200000,14.400000,4.400000
170.600000,109.200000,14.000000,4.200000
172.000000,109.200000,14.400000,4.400000
172.400000,109.200000,14.400000,4.400000
173.000000,108.600000,14.600000,4.400000
173.200000,109.400000,14.800000,4.400000
173.600000,108.600000,15.000000,4.600000
173.800000,108.400000,15.400000,4.600000
174.600000,108.800000,15.200000,4.600000
175.000000,108.800000,15.000000,4.600000
175.600000,108.800000,14.800000,4.400000
176.400000,108.800000,15.000000,4.400000
177.200000,108.800000,14.800000,4.400000
178.400000,109.200000,14.400000,4.400000
178.600000,108.800000,14.400000,4.400000
178.800000,109.600000,14.200000,4.200000
179.000000,109.000000,14.400000,4.400000
179.600000,108.600000,14.200000,4.200000
179.800000,108.800000,14.400000,4.400000
180.000000,108.800000,14.800000,4.400000
182.200000,108.400000,14.400000,4.400000
182.600000,108.400000,14.400000,4.400000
183.000000,108.600000,14.000000,4.200000
183.600000,108.600000,14.200000,4.200000
184.000000,108.000000,14.000000,4.200000
184.600000,108.400000,14.400000,4.400000
185.200000,108.200000,14.400000,4.400000
185.800000,108.000000,14.600000,4.400000
186.200000,108.000000,15.000000,4.400000
186.800000,108.000000,15.000000,4.600000
187.400000,107.800000,15.000000,4.600000
188.200000,108.000000,15.000000,4.600000
189.000000,108.000000,15.000000,4.600000
189.600000,108.000000,15.000000,4.600000
190.400000,108.000000,15.000000,4.400000
191.000000,108.200000,15.000000,4.400000
191.400000,108.200000,15.000000,4.600000
192.000000,108.200000,15.000000,4.600000
192.600000,108.400000,15.000000,4.600000
193.200000,108.200000,15.400000,4.600000
194.000000,108.200000,15.200000,4.600000
194.600000,108.200000,15.200000,4.600000
195.400000,108.000000,15.200000,4.600000
196.000000,108.200000,15.000000,4.600000
196.400000,108.200000,15.000000,4.600000
197.000000,109.200000,14.800000,4.400000
197.400000,108.400000,14.600000,4.400000
198.200000,108.600000,14.400000,4.400000
198.800000,108.400000,14.400000,4.400000
199.200000,109.000000,14.800000,4.400000
199.400000,109.000000,15.000000,4.400000
200.000000,109.000000,15.000000,4.400000
200.400000,108.800000,15.000000,4.600000
200.800000,108.600000,15.200000,4.600000
201.400000,109.200000,15.200000,4.600000
202.000000,108.000000,15.200000,4.600000
202.600000,108.400000,15.000000,4.600000
203.000000,108.400000,15.200000,4.600000
203.600000,108.600000,15.000000,4.600000
204.400000,108.600000,14.800000,4.400000
205.200000,108.600000,14.400000,4.400000
206.000000,108.800000,14.200000,4.200000
206.400000,108.200000,14.400000,4.400000
206.800000,108.400000,14.600000,4.400000
207.400000,108.200000,14.800000,4.400000
208.000000,108.200000,14.800000,4.400000
208.600000,108.200000,14.800000,4.400000
209.000000,108.200000,15.000000,4.600000
209.600000,108.200000,15.000000,4.600000
210.400000,108.200000,14.800000,4.400000
210.800000,108.200000,15.000000,4.600000
211.400000,108.200000,15.000000,4.600000
212.000000,108.200000,15.000000,4.600000
212.600000,108.200000,15.000000,4.400000
213.400000,108.200000,15.000000,4.400000
213.800000,108.000000,15.000000,4.600000
214.600000,108.000000,14.800000,4.400000
215.200000,108.000000,14.400000,4.400000
216.000000,107.800000,14.200000,4.200000
216.400000,108.000000,14.400000,4.400000
216.800000,107.800000,14.600000,4.400000
217.400000,107.800000,14.400000,4.400000
217.800000,107.800000,14.600000,4.400000
218.400000,107.800000,14.600000,4.400000
219.000000,107.800000,14.800000,4.400000
219.400000,108.000000,14.600000,4.400000
220.000000,108.200000,14.600000,4.400000
220.600000,108.200000,15.000000,4.400000
222.400000,108.000000,15.000000,4.600000
223.000000,108.000000,15.000000,4.600000
223.600000,107.600000,15.000000,4.600000
224.600000,107.600000,14.800000,4.400000
225.400000,107.800000,14.400000,4.400000
226.200000,107.800000,14.200000,4.200000
226.600000,107.600000,14.400000,4.400000
227.600000,107.600000,14.200000,4.200000
227.600000,107.800000,14.400000,4.400000
228.600000,107.800000,14.200000,4.200000
229.000000,107.400000,14.400000,4.400000
229.400000,107.400000,14.600000,4.400000
230.200000,107.400000,14.600000,4.400000
230.800000,107.200000,15.000000,4.400000
231.400000,107.200000,15.200000,4.600000
232.000000,107.200000,15.200000,4.600000
232.600000,107.200000,15.200000,4.600000
233.200000,107.200000,15.200000,4.600000
233.800000,107.200000,15.200000,4.600000
234.400000,107.200000,15.200000,4.600000
235.000000,107.200000,15.400000,4.600000
235.600000,107.200000,15.200000,4.600000
236.200000,107.200000,15.200000,4.600000
237.000000,107.200000,15.200000,4.600000
237.600000,107.200000,15.200000,4.600000
238.200000,107.200000,15.200000,4.600000
238.800000,107.200000,15.200000,4.600000
239.400000,107.200000,15.200000,4.600000
239.800000,107.200000,15.200000,4.600000
240.600000,107.200000,15.000000,4.400000
241.200000,107.200000,14.800000,4.400000
241.800000,107.200000,14.800000,4.400000
242.200000,107.400000,14.800000,4.400000
242.800000,107.400000,14.800000,4.400000
243.400000,107.600000,14.800000,4.400000
243.800000,107.600000,14.800000,4.400000
244.200000,107.400000,15.000000,4.600000
244.800000,107.600000,15.000000,4.600000
245.200000,107.400000,15.400000,4.600000
245.600000,107.600000,15.600000,4.600000
246.400000,107.600000,15.200000,4.600000
247.000000,107.600000,15.200000,4.600000
247.600000,107.400000,15.200000,4.600000
248.200000,107.400000,15.200000,4.600000
248.800000,107.200000,15.200000,4.600000
249.600000,107.000000,15.200000,4.600000
250.200000,107.000000,15.000000,4.400000
250.800000,107.000000,15.000000,4.600000
251.400000,107.000000,15.200000,4.600000
252.000000,107.000000,15.400000,4.600000
252.600000,107.000000,15.000000,4.600000
253.400000,107.000000,15.000000,4.400000
254.200000,107.200000,14.600000,4.400000
254.800000,107.200000,14.600000,4.400000
255.400000,107.000000,15.000000,4.400000
256.000000,107.200000,14.600000,4.400000
256.600000,107.000000,15.000000,4.400000
257.000000,107.000000,15.000000,4.600000
257.600000,107.000000,15.000000,4.600000
258.400000,107.000000,14.800000,4.400000
259.200000,107.000000,14.400000,4.400000
259.800000,107.000000,14.200000,4.200000
260.200000,106.800000,14.400000,4.400000
260.600000,107.000000,14.800000,4.400000
261.200000,106.800000,14.800000,4.400000
262.000000,106.800000,14.400000,4.400000
262.600000,107.000000,14.200000,4.200000
263.200000,105.600000,14.400000,4.400000
263.600000,105.800000,14.600000,4.400000
263.800000,106.000000,15.000000,4.400000
264.400000,105.800000,15.200000,4.600000
265.000000,105.000000,15.000000,4.600000
265.600000,105.800000,15.000000,4.600000
266.400000,106.000000,15.000000,4.400000
267.000000,106.200000,14.600000,4.400000
267.400000,106.000000,14.800000,4.400000
268.400000,105.800000,14.400000,4.400000
268.800000,105.800000,14.400000,4.400000
269.200000,106.000000,14.600000,4.400000
270.000000,105.800000,14.800000,4.400000
270.600000,106.000000,14.800000,4.400000
271.000000,106.200000,15.000000,4.600000
271.400000,106.000000,15.400000,4.600000
272.200000,106.000000,15.200000,4.600000
272.800000,106.000000,15.200000,4.600000
273.600000,106.000000,15.000000,4.400000
274.200000,106.200000,14.600000,4.400000
274.800000,106.200000,14.600000,4.400000
275.400000,106.200000,15.000000,4.400000
276.000000,106.200000,14.600000,4.400000
276.600000,106.200000,14.600000,4.400000
277.200000,106.000000,15.000000,4.400000
277.800000,106.200000,14.600000,4.400000
278.400000,106.000000,14.600000,4.400000
279.000000,106.000000,14.600000,4.400000
279.600000,106.200000,14.600000,4.400000
280.200000,106.200000,14.800000,4.400000
280.800000,106.000000,15.000000,4.400000
281.400000,106.000000,14.800000,4.400000
282.000000,106.000000,14.600000,4.400000
283.800000,106.000000,14.600000,4.400000
284.400000,106.000000,14.800000,4.400000
284.800000,106.000000,15.000000,4.600000
285.400000,105.800000,15.400000,4.600000
286.000000,105.800000,15.400000,4.600000
286.600000,105.800000,15.200000,4.600000
287.200000,105.800000,15.200000,4.600000
288.000000,105.800000,15.000000,4.600000
288.800000,105.800000,14.800000,4.400000
289.400000,105.400000,15.000000,4.400000
290.000000,105.400000,15.200000,4.600000
290.400000,106.200000,15.200000,4.600000
291.200000,105.800000,15.200000,4.600000
292.000000,105.200000,15.000000,4.600000
292.600000,106.000000,14.800000,4.400000
293.400000,106.000000,14.600000,4.400000
294.000000,105.800000,14.800000,4.400000
294.600000,106.000000,14.600000,4.400000
295.000000,105.800000,14.600000,4.400000
296.000000,105.600000,14.400000,4.400000
296.600000,105.600000,14.400000,4.400000
297.400000,105.600000,14.200000,4.200000
297.800000,105.400000,14.400000,4.400000
298.400000,105.200000,14.800000,4.400000
298.600000,105.400000,15.000000,4.600000
299.400000,104.400000,15.400000,4.600000
300.000000,104.400000,15.200000,4.600000
300.600000,105.200000,15.200000,4.600000
301.400000,105.400000,15.000000,4.400000
301.800000,105.400000,15.200000,4.600000
302.400000,105.400000,15.200000,4.600000
302.800000,105.800000,15.000000,4.600000
303.600000,106.000000,14.800000,4.400000
304.200000,105.800000,14.400000,4.400000
304.800000,105.200000,14.400000,4.400000
305.400000,105.000000,14.400000,4.400000
306.000000,104.800000,14.400000,4.400000
306.200000,105.000000,14.600000,4.400000
307.200000,103.400000,14.600000,4.400000
307.400000,103.600000,14.600000,4.400000
308.200000,104.600000,15.000000,4.400000
308.800000,105.400000,14.800000,4.400000
309.400000,105.800000,15.000000,4.400000
310.000000,105.800000,14.800000,4.400000
310.200000,105.600000,15.000000,4.600000
310.800000,105.400000,15.000000,4.600000
311.800000,105.000000,14.800000,4.400000
312.400000,105.000000,14.800000,4.400000
312.600000,105.000000,15.000000,4.600000
313.400000,105.200000,14.800000,4.400000
314.200000,105.200000,14.800000,4.400000
314.600000,105.000000,15.000000,4.400000
315.000000,105.400000,15.000000,4.600000
315.800000,105.400000,14.800000,4.400000
316.400000,105.600000,14.800000,4.400000
316.800000,105.400000,15.000000,4.600000
317.600000,105.600000,14.800000,4.400000
318.000000,105.600000,15.000000,4.600000
318.600000,105.400000,15.400000,4.600000
319.000000,105.400000,15.600000,4.800000
319.600000,105.600000,15.600000,4.600000
320.400000,105.600000,15.400000,4.600000
320.800000,105.600000,15.600000,4.800000
321.600000,105.800000,15.400000,4.600000
322.200000,105.800000,15.000000,4.600000
323.000000,106.000000,15.000000,4.600000
323.800000,106.000000,14.800000,4.400000
324.400000,106.200000,14.800000,4.400000
325.000000,106.200000,14.600000,4.400000
325.600000,106.000000,15.000000,4.400000
326.000000,106.000000,15.200000,4.600000
326.600000,105.600000,15.200000,4.600000
327.200000,105.600000,15.200000,4.600000
328.000000,105.400000,15.200000,4.600000
328.400000,105.400000,15.600000,4.600000
329.200000,105.600000,15.200000,4.600000
330.000000,105.800000,15.400000,4.600000
330.600000,105.600000,15.200000,4.600000
331.200000,105.600000,15.200000,4.600000
331.400000,105.600000,15.000000,4.400000
332.000000,105.800000,15.000000,4.600000
332.600000,106.000000,15.000000,4.600000
333.000000,105.800000,14.800000,4.400000
333.200000,105.800000,14.600000,4.400000
333.800000,105.600000,14.400000,4.400000
334.400000,105.800000,14.400000,4.400000
334.600000,105.800000,14.600000,4.400000
334.800000,106.000000,14.600000,4.400000
329.000000,106.000000,14.400000,4.400000
320.200000,106.200000,14.400000,4.400000
310.800000,106.200000,14.800000,4.400000
302.600000,106.400000,15.000000,4.600000
296.400000,106.400000,15.400000,4.600000
291.800000,106.600000,15.400000,4.600000
287.600000,106.600000,15.400000,4.600000
283.600000,106.800000,15.400000,4.600000
278.800000,107.000000,15.400000,4.600000
273.600000,107.400000,15.000000,4.600000
270.000000,107.600000,14.800000,4.400000
267.600000,107.600000,15.000000,4.400000
