263.400000,132.000000,4.400000,6.000000
263.000000,132.200000,4.400000,5.800000
262.600000,132.200000,4.200000,5.800000
261.600000,132.200000,4.200000,5.800000
261.400000,132.200000,4.200000,5.800000
260.400000,132.400000,4.200000,5.800000
260.200000,132.200000,4.200000,5.800000
259.600000,132.200000,4.200000,5.800000
258.600000,132.200000,4.200000,5.800000
258.400000,132.200000,4.200000,5.800000
257.400000,132.400000,4.200000,5.800000
256.600000,132.400000,4.200000,5.800000
255.800000,132.400000,4.200000,5.800000
255.200000,132.800000,4.200000,5.600000
254.800000,133.000000,4.200000,5.600000
253.800000,133.000000,4.000000,5.600000
253.600000,132.800000,4.000000,5.400000
252.600000,133.000000,4.000000,5.600000
252.400000,133.400000,4.000000,5.600000
251.600000,133.400000,4.000000,5.600000
251.400000,133.200000,4.200000,5.600000
251.000000,133.400000,4.200000,5.600000
250.600000,133.400000,4.000000,5.600000
250.400000,133.200000,4.000000,5.600000
249.800000,133.600000,4.000000,5.400000
249.600000,133.200000,4.000000,5.400000
249.400000,133.600000,4.000000,5.400000
248.800000,133.600000,4.000000,5.400000
248.600000,133.800000,4.000000,5.400000
248.400000,133.800000,4.000000,5.400000
247.800000,133.600000,4.200000,5.600000
247.400000,133.600000,4.000000,5.400000
246.600000,133.600000,4.000000,5.400000
246.600000,133.600000,4.000000,5.400000
245.600000,133.600000,4.000000,5.400000
245.400000,133.800000,4.000000,5.400000
244.600000,133.800000,4.000000,5.400000
244.400000,133.800000,4.000000,5.400000
243.800000,133.800000,4.000000,5.400000
243.200000,133.800000,4.000000,5.400000
242.800000,134.000000,3.800000,5.200000
242.600000,133.800000,4.000000,5.400000
241.600000,133.800000,4.000000,5.400000
240.600000,133.800000,4.000000,5.400000
239.600000,133.800000,4.000000,5.400000
239.600000,134.000000,3.800000,5.200000
238.600000,134.000000,3.800000,5.200000
237.600000,133.800000,4.000000,5.400000
236.600000,133.800000,4.000000,5.400000
235.600000,133.800000,4.000000,5.400000
234.800000,133.800000,4.000000,5.400000
234.400000,133.800000,4.000000,5.400000
233.600000,133.800000,4.200000,5.600000
232.400000,133.600000,4.200000,5.800000
232.400000,132.800000,4.200000,5.800000
231.600000,132.800000,4.200000,5.800000
231.400000,132.800000,4.200000,5.800000
230.600000,132.800000,4.200000,5.800000
229.600000,133.600000,4.200000,5.800000
229.400000,133.600000,4.200000,5.800000
228.400000,134.600000,4.200000,5.800000
228.200000,134.400000,4.200000,5.800000
227.600000,134.400000,4.200000,5.800000
226.800000,134.600000,4.200000,5.800000
226.400000,134.600000,4.200000,5.600000
226.200000,134.400000,4.200000,5.600000
225.800000,134.600000,4.200000,5.600000
225.600000,134.800000,4.000000,5.400000
225.600000,134.600000,4.000000,5.400000
225.400000,133.800000,4.200000,5.600000
225.400000,133.600000,4.200000,5.800000
225.400000,134.600000,4.200000,5.800000
225.400000,134.600000,4.200000,5.800000
225.400000,134.600000,4.200000,5.800000
225.400000,134.600000,4.200000,5.800000
225.400000,134.600000,4.200000,5.800000
225.600000,134.600000,4.200000,5.600000
225.600000,134.600000,4.200000,5.600000
225.600000,134.600000,4.200000,5.600000
225.600000,133.800000,4.200000,5.600000
225.600000,133.800000,4.200000,5.600000
225.600000,133.800000,4.200000,5.600000
225.600000,134.800000,4.200000,5.600000
225.800000,134.800000,4.200000,5.600000
225.800000,134.800000,4.200000,5.600000
226.000000,134.800000,4.200000,5.600000
225.600000,134.800000,4.200000,5.800000
225.600000,134.800000,4.200000,5.800000
225.400000,134.800000,4.200000,5.800000
225.200000,134.800000,4.200000,5.800000
224.600000,134.800000,4.200000,5.800000
224.400000,134.800000,4.200000,5.800000
223.400000,134.800000,4.200000,5.800000
223.400000,134.800000,4.200000,5.800000
222.600000,134.800000,4.200000,5.800000
222.400000,134.800000,4.200000,5.800000
221.400000,134.800000,4.200000,5.800000
221.600000,134.800000,4.200000,5.600000
222.400000,135.000000,4.200000,5.800000
222.400000,135.000000,4.200000,5.600000
221.600000,135.000000,4.000000,5.400000
221.400000,135.000000,4.000000,5.400000
221.400000,134.800000,4.000000,5.400000
220.600000,135.000000,4.000000,5.400000
220.600000,134.800000,4.200000,5.600000
220.600000,135.000000,4.200000,5.600000
220.600000,134.600000,4.200000,5.600000
219.600000,135.000000,4.000000,5.400000
218.600000,134.600000,4.000000,5.400000
217.600000,135.000000,4.000000,5.400000
217.400000,134.800000,4.000000,5.400000
216.600000,135.000000,4.000000,5.400000
216.600000,135.000000,4.200000,5.600000
216.400000,134.800000,4.200000,5.600000
216.200000,135.000000,4.200000,5.600000
215.800000,134.800000,4.200000,5.600000
215.600000,135.000000,4.200000,5.600000
215.600000,135.000000,4.200000,5.600000
215.600000,134.600000,4.200000,5.600000
215.600000,133.800000,4.200000,5.600000
215.600000,133.800000,4.200000,5.600000
215.400000,133.600000,4.200000,5.800000
215.400000,133.600000,4.200000,5.800000
215.400000,133.600000,4.200000,5.800000
216.200000,133.600000,4.200000,5.800000
216.400000,133.600000,4.200000,5.800000
216.400000,133.600000,4.200000,5.800000
216.600000,133.600000,4.200000,5.800000
216.800000,133.800000,4.200000,5.800000
217.200000,133.800000,4.200000,5.800000
217.600000,133.800000,4.200000,5.600000
217.600000,133.800000,4.200000,5.600000
217.800000,133.800000,4.200000,5.800000
218.200000,133.600000,4.200000,5.800000
218.600000,133.600000,4.200000,5.600000
218.600000,133.600000,4.200000,5.600000
218.800000,133.600000,4.200000,5.600000
219.600000,134.800000,4.200000,5.600000
219.600000,134.800000,4.200000,5.600000
220.400000,134.800000,4.200000,5.600000
220.600000,135.000000,4.000000,5.400000
220.600000,135.000000,4.000000,5.400000
221.400000,135.000000,4.000000,5.400000
221.400000,135.000000,4.000000,5.400000
221.600000,135.000000,4.000000,5.400000
221.600000,135.000000,4.000000,5.400000
222.400000,134.800000,4.200000,5.600000
222.400000,134.800000,4.200000,5.800000
222.400000,134.800000,4.200000,5.800000
222.400000,134.800000,4.200000,5.800000
