262.800000,119.200000,27.400000,60.000000
223.400000,115.400000,28.000000,61.200000
223.200000,115.200000,28.000000,61.200000
223.800000,116.400000,26.800000,58.800000
223.200000,115.400000,28.000000,61.200000
223.200000,115.400000,28.000000,61.200000
223.800000,116.600000,26.800000,58.800000
223.800000,116.600000,26.800000,58.800000
223.400000,115.200000,28.000000,61.200000
223.800000,116.600000,26.800000,58.800000
223.800000,116.600000,26.800000,58.800000
223.200000,115.400000,28.000000,61.200000
223.800000,116.400000,26.800000,58.800000
223.800000,116.400000,26.800000,58.800000
223.200000,115.400000,28.000000,61.200000
223.200000,115.400000,28.000000,61.200000
223.200000,115.400000,28.000000,61.200000
223.200000,115.400000,28.000000,61.200000
223.200000,115.200000,28.000000,61.200000
223.200000,115.200000,28.000000,61.200000
223.200000,115.400000,28.000000,61.200000
223.200000,115.400000,28.000000,61.200000
223.200000,115.400000,28.000000,61.200000
223.200000,115.400000,28.000000,61.200000
223.200000,115.400000,28.000000,61.200000
223.200000,115.400000,28.000000,61.200000
223.400000,115.400000,28.000000,61.200000
223.200000,115.400000,28.000000,61.200000
223.200000,115.200000,28.000000,61.200000
223.200000,115.400000,28.000000,61.200000
223.400000,115.400000,28.000000,61.200000
223.600000,116.400000,26.800000,58.800000
225.000000,105.800000,26.400000,57.600000
207.400000,93.400000,25.400000,55.400000
179.800000,87.200000,27.600000,62.400000
147.400000,86.400000,31.400000,67.000000
132.800000,98.800000,25.600000,58.400000
136.400000,99.800000,27.200000,60.000000
147.000000,96.000000,26.200000,63.800000
163.800000,88.200000,27.600000,68.600000
177.400000,75.400000,31.400000,64.400000
195.200000,98.400000,29.000000,62.800000
207.000000,103.600000,28.200000,60.800000
212.600000,106.000000,28.600000,62.400000
220.400000,111.200000,27.400000,60.000000
228.400000,116.000000,26.800000,58.800000
234.000000,113.600000,27.400000,60.000000
235.200000,114.000000,27.400000,60.000000
235.400000,113.600000,28.000000,61.200000
235.200000,113.600000,28.000000,61.200000
235.200000,114.200000,27.400000,60.000000
235.400000,113.600000,28.000000,61.200000
235.200000,114.200000,27.400000,60.000000
235.000000,114.200000,28.000000,61.200000
235.400000,113.800000,28.000000,61.200000
235.200000,114.000000,27.400000,60.000000
235.200000,113.200000,28.000000,61.200000
235.200000,113.600000,28.000000,61.200000
235.400000,114.000000,27.400000,60.000000
234.600000,112.800000,28.600000,62.400000
235.400000,113.600000,28.000000,61.200000
235.200000,114.200000,27.400000,60.000000
235.400000,113.600000,28.000000,61.200000
235.400000,114.000000,27.400000,60.000000
234.600000,112.800000,28.600000,62.400000
235.400000,113.600000,28.000000,61.200000
235.200000,114.200000,27.400000,60.000000
235.400000,113.600000,28.000000,61.200000
235.400000,114.200000,27.400000,60.000000
234.800000,112.800000,28.600000,62.400000
235.400000,113.600000,28.000000,61.200000
235.400000,114.200000,27.400000,60.000000
234.600000,112.800000,28.600000,62.400000
235.400000,113.600000,28.000000,61.200000
235.400000,114.200000,27.400000,60.000000
234.800000,112.800000,28.600000,62.400000
235.400000,113.600000,28.000000,61.200000
235.400000,114.200000,27.400000,60.000000
234.800000,112.800000,28.600000,62.400000
235.400000,113.600000,28.000000,61.200000
235.400000,114.200000,27.400000,60.000000
234.800000,112.800000,28.600000,62.400000
235.400000,113.600000,28.000000,61.200000
235.400000,114.200000,27.400000,60.000000
234.800000,112.800000,28.600000,62.400000
235.400000,113.600000,28.000000,61.200000
235.400000,114.000000,27.400000,60.000000
234.800000,112.800000,28.600000,62.400000
235.400000,113.600000,28.000000,61.200000
235.400000,114.000000,27.400000,60.000000
234.800000,112.800000,28.600000,62.400000
234.800000,112.800000,28.600000,62.400000
235.400000,113.600000,28.000000,61.200000
235.400000,114.000000,27.400000,60.000000
234.800000,112.800000,28.600000,62.400000
235.400000,113.600000,28.000000,61.200000
235.400000,114.000000,27.400000,60.000000
234.800000,112.800000,28.600000,62.400000
235.400000,113.600000,28.000000,61.200000
235.200000,113.600000,28.000000,61.200000
235.400000,114.000000,27.400000,60.000000
234.800000,112.800000,28.600000,62.400000
235.400000,113.600000,28.000000,61.200000
235.200000,113.600000,28.000000,61.200000
235.400000,114.000000,27.400000,60.000000
234.800000,112.800000,28.600000,62.400000
235.400000,113.600000,28.000000,61.200000
235.400000,114.000000,27.400000,60.000000
234.600000,112.800000,28.600000,62.400000
235.400000,113.600000,28.000000,61.200000
235.400000,114.000000,27.400000,60.000000
234.800000,112.800000,28.600000,62.400000
235.200000,112.800000,28.600000,62.400000
235.200000,113.400000,28.000000,61.200000
235.400000,113.200000,28.000000,61.200000
236.200000,113.600000,28.000000,61.200000
237.800000,113.600000,28.000000,61.200000
238.200000,114.800000,27.400000,60.000000
238.600000,112.400000,28.600000,62.400000
233.000000,111.600000,28.600000,62.400000
212.200000,114.000000,28.600000,62.400000
223.800000,115.200000,28.000000,61.200000
226.000000,116.000000,28.000000,61.200000
228.400000,109.800000,29.000000,63.600000
246.200000,102.800000,29.000000,63.600000
259.400000,95.000000,29.000000,63.600000
257.800000,90.000000,29.000000,63.600000
269.200000,102.000000,28.000000,61.200000
277.000000,119.200000,28.600000,62.400000
276.200000,130.600000,28.000000,61.200000
269.600000,127.600000,28.600000,62.400000
252.600000,117.400000,28.600000,62.400000
255.800000,105.800000,29.000000,63.600000
255.200000,101.600000,29.000000,63.600000
244.200000,103.600000,28.600000,62.400000
232.400000,104.600000,29.600000,65.000000
226.400000,87.200000,29.000000,63.600000
233.600000,64.600000,29.000000,63.600000
224.800000,58.600000,30.200000,66.200000
254.800000,68.600000,30.200000,66.200000
283.000000,80.000000,30.200000,66.200000
316.200000,81.600000,29.600000,65.000000
325.400000,84.000000,30.200000,66.200000
301.000000,81.200000,30.200000,66.200000
280.600000,89.200000,29.600000,65.000000
248.400000,108.000000,30.200000,66.200000
223.400000,115.200000,30.200000,66.200000
179.000000,96.800000,31.400000,69.000000
157.800000,91.800000,30.200000,66.200000
162.000000,91.600000,30.200000,66.200000
181.600000,94.400000,30.200000,66.200000
192.600000,89.000000,31.400000,69.000000
216.800000,78.600000,32.800000,71.800000
259.400000,60.600000,33.400000,73.200000
306.000000,57.000000,34.000000,74.600000
313.000000,64.600000,34.000000,74.600000
230.800000,84.800000,35.400000,77.600000
185.000000,110.200000,36.200000,79.200000
150.200000,111.800000,36.800000,80.800000
148.200000,107.200000,35.400000,77.600000
183.600000,94.400000,34.000000,74.600000
193.000000,87.800000,35.400000,77.600000
212.600000,83.000000,36.200000,79.200000
217.200000,80.400000,36.200000,79.200000
234.000000,84.200000,35.400000,77.600000
239.400000,90.800000,36.200000,79.200000
225.800000,99.000000,37.600000,82.400000
196.200000,99.200000,38.400000,84.000000
168.000000,92.000000,38.400000,84.000000
127.800000,85.600000,37.600000,82.400000
