88.000000,74.000000,42.400000,67.600000
88.000000,74.000000,42.400000,67.600000
88.000000,74.000000,42.400000,67.600000
88.000000,74.000000,42.400000,67.600000
88.000000,74.000000,42.400000,67.600000
88.000000,74.000000,42.400000,67.600000
88.000000,74.000000,42.400000,67.600000
88.000000,74.000000,42.400000,67.600000
89.400000,74.400000,42.400000,65.800000
95.200000,74.400000,46.200000,64.000000
104.200000,69.600000,47.200000,65.800000
119.800000,65.000000,42.000000,67.200000
130.400000,63.400000,45.600000,64.400000
146.600000,60.200000,41.000000,66.600000
156.600000,58.400000,41.000000,65.200000
168.000000,56.800000,41.400000,64.200000
177.600000,50.200000,40.400000,66.600000
187.000000,46.000000,38.600000,66.000000
190.400000,37.800000,41.800000,66.200000
195.600000,25.400000,41.800000,69.600000
197.000000,15.000000,42.400000,65.200000
200.400000,4.400000,43.200000,65.200000
198.800000,0.200000,45.000000,59.000000
197.000000,0.200000,46.600000,49.000000
195.000000,0.200000,44.400000,41.800000
192.600000,0.200000,42.600000,33.400000
191.000000,0.200000,41.200000,28.200000
194.400000,0.200000,42.600000,37.000000
200.000000,0.200000,43.600000,47.600000
199.600000,0.200000,43.600000,53.800000
202.600000,2.600000,40.000000,61.400000
202.600000,11.200000,39.600000,61.800000
201.200000,16.800000,40.000000,63.400000
201.800000,23.000000,38.600000,59.200000
203.200000,31.200000,38.200000,61.000000
201.400000,37.200000,39.800000,62.000000
203.600000,40.600000,38.200000,62.800000
203.200000,41.000000,38.600000,62.600000
205.000000,38.800000,37.800000,63.200000
206.600000,37.800000,38.400000,62.400000
210.200000,36.400000,36.400000,61.800000
211.400000,34.000000,38.000000,62.800000
217.000000,33.600000,37.200000,62.800000
221.200000,30.600000,37.600000,63.400000
225.600000,29.200000,37.000000,62.400000
232.800000,29.200000,35.600000,60.000000
237.600000,28.200000,36.200000,61.000000
243.600000,30.200000,36.800000,61.800000
249.000000,31.000000,37.000000,62.400000
252.800000,30.600000,38.000000,57.200000
257.400000,27.200000,39.000000,60.600000
266.600000,28.400000,38.600000,60.000000
273.600000,27.800000,38.600000,59.600000
278.400000,26.000000,40.400000,63.200000
281.400000,26.000000,40.400000,63.600000
284.200000,24.000000,40.800000,66.600000
288.000000,25.400000,40.400000,65.200000
293.800000,26.000000,38.800000,63.800000
297.600000,27.800000,41.800000,66.600000
306.000000,27.400000,39.200000,66.200000
314.200000,29.600000,41.000000,62.000000
318.800000,29.600000,41.000000,60.600000
325.000000,28.400000,37.200000,59.000000
325.000000,24.000000,40.200000,61.000000
330.200000,21.600000,38.800000,59.000000
336.400000,20.600000,34.000000,59.000000
339.800000,19.800000,41.600000,59.000000
341.200000,16.000000,41.600000,56.600000
335.000000,11.200000,43.000000,62.200000
330.800000,18.200000,44.800000,61.400000
331.400000,27.800000,42.800000,63.200000
335.200000,38.200000,41.800000,60.600000
337.000000,46.400000,43.200000,60.400000
337.400000,53.400000,42.000000,61.600000
335.600000,59.800000,43.200000,62.200000
334.200000,65.000000,43.400000,61.000000
333.200000,68.400000,42.400000,62.800000
328.000000,70.200000,41.000000,62.000000
322.600000,73.400000,42.400000,62.400000
316.000000,73.600000,43.000000,63.200000
312.600000,74.400000,41.600000,64.000000
305.000000,73.000000,43.000000,65.200000
300.400000,73.000000,40.800000,62.800000
289.400000,71.200000,42.400000,62.400000
283.200000,71.000000,41.800000,62.400000
273.200000,70.200000,42.000000,62.400000
260.800000,71.200000,39.600000,62.800000
247.000000,70.600000,43.200000,64.400000
237.000000,72.600000,42.400000,62.400000
225.200000,69.600000,42.800000,63.400000
215.600000,68.400000,43.400000,62.800000
210.200000,68.800000,42.600000,62.800000
203.200000,69.800000,42.800000,62.200000
199.000000,72.200000,42.200000,63.800000
193.200000,73.000000,41.800000,63.000000
187.400000,72.200000,41.400000,65.000000
181.800000,73.000000,41.800000,64.800000
175.600000,74.000000,42.000000,63.400000
168.400000,71.600000,42.400000,64.800000
159.000000,72.000000,42.400000,64.000000
145.600000,67.800000,45.200000,64.800000
134.200000,67.200000,45.200000,65.800000
118.800000,65.800000,47.200000,66.200000
106.400000,65.800000,45.400000,66.200000
97.000000,65.800000,46.600000,63.800000
88.800000,62.200000,48.200000,63.200000
85.000000,52.600000,44.800000,66.200000
81.400000,44.800000,45.000000,64.800000
79.800000,38.200000,43.400000,64.800000
74.600000,32.200000,46.600000,64.600000
71.800000,25.400000,46.200000,63.800000
68.800000,19.800000,44.800000,63.800000
65.200000,13.000000,45.600000,65.200000
62.200000,8.200000,48.600000,64.000000
62.800000,6.400000,48.400000,63.800000
64.600000,4.400000,45.600000,62.800000
66.400000,2.000000,46.400000,62.800000
67.600000,0.600000,44.200000,60.600000
64.000000,0.200000,46.400000,57.600000
63.800000,0.200000,44.200000,59.000000
57.000000,0.600000,45.600000,61.400000
48.800000,6.400000,45.000000,61.000000
41.800000,16.000000,44.200000,63.800000
35.600000,34.000000,43.200000,52.400000
32.600000,44.800000,39.600000,55.800000
27.600000,39.600000,40.800000,62.400000
28.000000,41.000000,39.000000,62.000000
27.600000,42.200000,41.200000,61.200000
28.800000,42.200000,36.200000,60.400000
27.000000,36.800000,39.400000,60.000000
28.800000,25.400000,38.800000,59.400000
36.600000,18.800000,37.200000,61.800000
40.800000,11.000000,41.000000,63.000000
47.000000,6.400000,39.000000,62.400000
51.600000,0.200000,41.600000,59.600000
58.200000,0.200000,41.200000,52.400000
68.800000,0.200000,39.600000,45.200000
74.400000,0.200000,41.600000,43.400000
81.400000,0.200000,40.800000,42.000000
88.800000,0.200000,40.000000,40.800000
96.800000,0.200000,40.800000,39.000000
104.000000,0.200000,40.600000,37.600000
112.000000,0.200000,42.200000,38.000000
120.800000,0.600000,41.800000,39.000000
130.200000,0.200000,42.000000,38.000000
140.600000,0.200000,40.200000,35.800000
150.800000,0.200000,40.000000,36.200000
159.400000,0.200000,40.000000,35.600000
166.000000,0.200000,41.000000,36.200000
177.400000,0.200000,41.000000,38.000000
186.600000,0.200000,42.800000,42.000000
200.200000,1.000000,39.200000,52.400000
209.400000,6.400000,37.000000,58.000000
212.600000,11.000000,40.600000,60.200000
216.000000,16.800000,39.000000,61.600000
217.600000,22.600000,38.400000,58.600000
218.000000,26.000000,38.600000,53.200000
217.000000,31.200000,38.600000,58.400000
220.800000,34.800000,38.200000,61.000000
221.400000,34.000000,37.400000,61.800000
220.400000,35.400000,37.600000,62.800000
218.400000,36.000000,39.000000,61.800000
218.000000,36.800000,38.000000,61.400000
217.400000,35.000000,37.800000,62.400000
218.000000,33.000000,37.600000,62.000000
221.400000,30.600000,37.000000,62.400000
226.000000,25.800000,36.600000,59.200000
230.400000,23.600000,37.600000,60.400000
236.000000,22.000000,37.200000,60.600000
237.600000,15.800000,40.400000,61.600000
241.200000,6.800000,41.000000,63.000000
243.800000,3.000000,40.800000,61.000000
243.600000,1.600000,44.800000,60.600000
242.600000,2.600000,42.600000,63.800000
235.000000,11.000000,43.400000,63.800000
227.000000,25.400000,42.400000,65.200000
217.400000,38.400000,41.600000,66.400000
207.600000,48.400000,41.800000,66.600000
200.400000,61.200000,39.400000,62.800000
195.000000,67.200000,41.400000,62.600000
191.200000,71.600000,42.600000,64.800000
187.000000,71.600000,43.800000,63.400000
186.600000,72.000000,42.200000,62.800000
187.000000,71.000000,41.800000,63.400000
182.600000,73.400000,40.000000,63.800000
169.400000,73.400000,42.400000,64.400000
159.400000,73.400000,41.400000,66.200000
150.200000,72.000000,41.600000,67.200000
148.000000,70.200000,40.000000,64.800000
146.400000,66.400000,40.600000,64.600000
145.000000,54.800000,42.000000,63.400000
145.000000,39.800000,42.000000,67.000000
145.200000,36.000000,42.400000,65.000000
142.600000,26.800000,41.200000,64.400000
140.400000,14.400000,39.400000,63.800000
138.000000,5.400000,41.400000,64.200000
135.800000,0.200000,43.200000,63.200000
133.000000,0.200000,43.400000,55.800000
130.800000,0.200000,44.200000,40.800000
130.400000,0.200000,41.800000,38.000000
