244.200000,32.000000,29.400000,34.000000
246.400000,35.000000,28.600000,36.000000
247.400000,38.200000,28.200000,34.000000
248.800000,41.200000,29.200000,34.600000
250.400000,43.600000,30.000000,36.000000
251.200000,41.600000,30.000000,37.200000
253.600000,43.000000,30.200000,38.200000
253.600000,44.800000,31.600000,38.200000
255.000000,46.800000,31.400000,38.600000
257.400000,43.600000,32.400000,38.400000
259.400000,48.400000,32.000000,39.000000
259.400000,50.200000,32.000000,41.800000
259.000000,56.400000,32.200000,39.600000
254.200000,59.800000,34.800000,40.400000
250.800000,65.000000,33.400000,39.800000
246.600000,70.200000,33.200000,40.800000
245.000000,74.000000,33.400000,40.400000
245.000000,78.200000,33.800000,42.800000
240.800000,80.200000,34.400000,42.800000
239.800000,82.600000,34.800000,44.800000
239.800000,84.000000,36.200000,45.600000
239.400000,87.800000,37.000000,46.200000
240.800000,86.000000,36.200000,45.200000
241.200000,89.200000,37.800000,49.000000
242.600000,94.800000,38.200000,47.200000
242.800000,97.200000,39.000000,49.600000
242.800000,99.600000,40.800000,55.200000
244.200000,97.200000,39.600000,52.600000
243.600000,93.600000,40.200000,54.200000
241.800000,90.600000,41.400000,56.800000
238.400000,86.000000,42.800000,57.600000
235.600000,85.800000,43.200000,60.200000
234.200000,84.800000,43.400000,61.200000
232.200000,86.800000,44.200000,63.400000
229.400000,77.800000,46.200000,67.000000
225.200000,76.400000,47.000000,67.200000
221.800000,72.000000,48.600000,68.200000
217.000000,66.800000,50.000000,73.000000
216.000000,70.600000,50.400000,73.000000
212.600000,76.000000,53.800000,77.600000
210.800000,80.600000,55.600000,80.000000
208.400000,79.600000,55.200000,81.000000
203.200000,75.800000,57.000000,87.600000
197.600000,72.600000,60.400000,89.400000
197.000000,76.000000,60.400000,91.800000
192.600000,75.400000,63.800000,95.200000
189.400000,84.400000,63.800000,99.200000
183.600000,76.000000,66.600000,105.200000
178.400000,66.000000,69.200000,110.400000
176.600000,64.800000,71.400000,116.200000
173.600000,70.600000,73.800000,120.600000
172.800000,70.200000,80.800000,122.400000
177.000000,64.400000,84.800000,121.600000
176.600000,60.200000,96.200000,129.400000
182.200000,64.000000,105.800000,135.200000
192.600000,63.600000,118.200000,141.200000
207.000000,75.800000,131.800000,140.200000
221.400000,55.000000,151.200000,154.600000
233.600000,33.600000,161.400000,161.800000
223.600000,50.200000,181.000000,163.200000
230.400000,72.600000,178.200000,143.400000
232.800000,93.400000,176.000000,122.600000
244.600000,108.200000,164.200000,107.800000
271.400000,123.000000,137.600000,92.600000
302.800000,132.200000,106.200000,83.400000
