246.000000,122.000000,16.600000,16.200000
245.000000,123.600000,16.800000,15.200000
245.600000,123.000000,17.000000,16.200000
244.600000,123.000000,18.600000,15.800000
244.600000,122.600000,18.600000,17.000000
243.600000,123.600000,17.800000,16.200000
242.800000,121.000000,17.400000,16.200000
240.400000,121.200000,18.400000,15.200000
239.800000,122.000000,17.800000,16.400000
238.000000,121.600000,19.400000,15.800000
236.600000,121.000000,19.000000,15.800000
236.000000,119.200000,17.800000,15.200000
234.200000,118.400000,17.200000,16.600000
233.200000,119.600000,18.200000,16.800000
231.200000,117.800000,19.200000,15.800000
229.800000,117.400000,18.600000,17.000000
227.600000,117.800000,19.000000,16.600000
226.600000,116.400000,19.800000,17.000000
226.000000,116.800000,19.600000,17.200000
224.200000,115.000000,19.600000,17.600000
223.800000,114.800000,19.000000,17.800000
221.800000,114.800000,19.000000,17.800000
221.200000,112.600000,19.000000,19.000000
220.400000,113.400000,20.000000,18.800000
221.400000,114.000000,21.200000,18.600000
222.800000,115.400000,21.400000,19.000000
224.600000,115.800000,23.400000,18.200000
226.600000,116.000000,26.600000,19.400000
229.800000,117.200000,27.200000,20.000000
230.800000,116.000000,29.000000,18.400000
232.200000,115.800000,27.600000,19.600000
237.000000,117.400000,30.400000,19.000000
246.000000,120.600000,31.400000,18.600000
249.800000,121.000000,32.800000,19.600000
253.600000,122.200000,31.000000,19.000000
253.200000,123.000000,33.800000,19.000000
255.600000,124.800000,33.200000,20.000000
258.800000,125.800000,33.400000,21.000000
260.400000,127.200000,32.200000,21.200000
261.400000,129.200000,29.800000,18.600000
263.200000,127.800000,28.200000,21.400000
263.800000,125.800000,26.600000,21.000000
263.800000,125.000000,25.600000,21.000000
264.600000,126.400000,26.200000,21.000000
265.600000,125.800000,26.600000,22.600000
266.400000,124.800000,24.400000,20.200000
266.000000,123.400000,24.400000,21.600000
265.200000,120.600000,24.600000,21.600000
265.000000,119.800000,24.800000,22.400000
264.600000,121.000000,24.400000,22.000000
260.800000,118.200000,24.200000,22.400000
260.800000,120.200000,25.200000,22.800000
261.200000,121.600000,24.400000,23.400000
261.800000,124.400000,24.800000,23.400000
262.600000,125.400000,25.800000,23.000000
259.800000,124.800000,26.800000,23.400000
253.200000,122.000000,26.600000,23.400000
251.800000,122.600000,28.400000,23.800000
250.200000,124.000000,27.400000,24.800000
245.600000,124.800000,28.600000,24.400000
242.600000,125.000000,29.200000,25.600000
240.400000,126.400000,30.400000,26.200000
237.600000,125.000000,30.000000,27.600000
236.000000,126.000000,30.400000,28.400000
237.600000,128.200000,30.800000,29.200000
237.000000,125.000000,32.400000,29.000000
237.600000,123.600000,33.200000,28.600000
237.600000,120.200000,33.200000,29.600000
237.400000,118.200000,33.800000,30.000000
238.000000,116.400000,33.400000,30.400000
237.600000,116.800000,35.000000,31.400000
237.000000,115.400000,35.200000,32.400000
237.400000,114.800000,35.200000,32.600000
235.600000,112.000000,35.800000,33.400000
235.600000,107.200000,35.200000,34.000000
233.800000,105.400000,36.000000,35.200000
233.600000,104.000000,35.800000,35.200000
234.200000,104.000000,36.200000,36.200000
232.600000,102.000000,35.000000,36.800000
232.200000,106.000000,37.200000,38.000000
230.200000,107.400000,36.800000,38.000000
223.600000,107.200000,37.200000,39.200000
219.000000,103.400000,37.000000,41.000000
216.600000,100.200000,37.200000,40.800000
212.600000,96.400000,39.600000,41.800000
210.200000,93.400000,38.600000,42.000000
206.600000,92.000000,41.000000,44.000000
205.600000,92.200000,40.000000,44.600000
201.800000,94.800000,40.400000,46.200000
198.000000,96.800000,40.400000,48.000000
191.200000,89.600000,41.600000,49.600000
186.600000,88.200000,42.200000,51.400000
183.600000,90.600000,44.400000,53.400000
177.600000,88.400000,45.000000,53.600000
171.400000,88.200000,45.000000,54.400000
165.200000,85.400000,47.400000,56.600000
161.200000,87.200000,46.800000,58.800000
154.600000,88.800000,51.000000,61.400000
150.400000,92.600000,52.200000,61.800000
151.800000,95.400000,52.000000,64.200000
156.000000,90.600000,52.800000,68.200000
157.000000,82.200000,55.600000,69.400000
154.600000,75.400000,56.600000,71.400000
150.800000,70.200000,58.000000,72.000000
147.000000,74.000000,59.000000,75.200000
141.400000,73.600000,61.800000,78.000000
137.400000,66.800000,62.000000,82.000000
129.000000,69.600000,66.200000,84.800000
119.400000,70.200000,68.000000,87.200000
109.800000,73.400000,70.600000,92.400000
102.600000,65.400000,72.000000,94.400000
95.000000,65.800000,74.400000,99.000000
97.400000,66.000000,75.800000,102.200000
117.600000,69.600000,74.600000,105.800000
125.600000,74.400000,75.600000,107.200000
128.400000,67.400000,79.200000,107.400000
128.800000,62.600000,79.200000,114.800000
135.600000,55.000000,82.000000,117.200000
145.000000,47.400000,86.400000,122.200000
157.000000,48.400000,94.800000,128.800000
169.800000,49.800000,105.200000,132.800000
174.200000,51.000000,116.600000,136.400000
171.800000,57.400000,132.800000,141.000000
158.400000,60.600000,145.400000,142.400000
138.400000,63.400000,157.600000,143.000000
127.600000,44.800000,170.400000,145.800000
128.000000,22.200000,181.000000,140.400000
118.800000,24.000000,184.400000,136.200000
127.400000,30.600000,187.800000,129.000000
146.400000,43.400000,175.400000,113.800000
