288.800000,102.200000,25.000000,23.800000
288.800000,101.800000,25.000000,23.800000
288.200000,100.400000,25.000000,23.800000
288.000000,100.400000,24.000000,22.800000
286.800000,102.400000,25.000000,23.800000
285.000000,105.000000,25.000000,23.800000
284.200000,104.400000,25.000000,23.800000
283.800000,104.600000,24.000000,22.800000
283.600000,105.000000,24.000000,22.800000
283.400000,106.200000,24.000000,22.800000
282.400000,104.000000,25.000000,23.800000
281.200000,103.200000,25.000000,23.800000
281.000000,102.200000,24.600000,23.400000
280.000000,100.600000,25.000000,23.800000
280.000000,100.200000,24.000000,22.800000
279.000000,100.400000,24.000000,22.800000
278.200000,100.000000,24.000000,22.800000
277.600000,98.800000,24.000000,22.800000
277.000000,98.800000,24.000000,22.800000
276.200000,98.600000,24.000000,22.800000
275.800000,98.000000,24.000000,22.800000
275.200000,97.000000,24.000000,22.800000
275.200000,97.600000,23.000000,22.000000
274.800000,99.000000,23.000000,22.000000
273.800000,99.600000,22.600000,21.600000
273.400000,99.400000,22.200000,21.200000
273.000000,99.400000,21.800000,20.800000
272.800000,99.600000,21.000000,20.000000
272.200000,99.800000,21.400000,20.400000
271.600000,100.600000,21.000000,20.000000
271.400000,99.800000,21.000000,20.000000
271.000000,98.600000,21.000000,20.000000
270.400000,98.000000,21.400000,20.400000
270.600000,97.600000,20.600000,19.600000
269.800000,98.000000,20.600000,19.600000
269.600000,98.000000,20.600000,19.600000
270.000000,97.800000,19.800000,18.800000
270.400000,97.800000,19.000000,18.000000
270.000000,97.400000,19.400000,18.400000
270.000000,96.200000,19.400000,18.400000
270.000000,95.600000,19.400000,18.400000
269.600000,94.400000,19.800000,18.800000
269.800000,94.800000,19.000000,18.000000
269.200000,93.600000,19.800000,18.800000
269.400000,94.200000,19.000000,18.000000
269.000000,94.000000,19.400000,18.400000
268.600000,96.200000,19.400000,18.400000
268.400000,96.600000,19.000000,18.000000
268.000000,98.000000,19.000000,18.000000
267.800000,97.400000,19.000000,18.000000
267.000000,97.400000,19.000000,18.000000
266.000000,98.400000,19.000000,18.000000
265.000000,100.200000,19.000000,18.000000
264.400000,102.600000,18.200000,17.400000
263.800000,103.000000,19.000000,18.000000
263.600000,103.000000,19.000000,18.000000
263.200000,103.600000,18.600000,17.600000
262.400000,103.600000,19.000000,18.000000
262.600000,103.600000,18.200000,17.400000
261.000000,107.800000,17.600000,16.600000
260.400000,108.000000,17.800000,17.000000
260.000000,108.000000,17.800000,17.000000
259.200000,108.000000,17.800000,17.000000
258.800000,107.800000,17.800000,17.000000
258.000000,107.800000,17.600000,16.600000
258.200000,107.600000,16.800000,16.000000
258.200000,107.200000,16.400000,15.800000
257.400000,107.200000,16.400000,15.800000
256.800000,106.800000,16.400000,15.800000
256.200000,106.600000,16.800000,16.000000
255.200000,108.200000,16.800000,16.000000
254.800000,107.600000,16.800000,16.000000
254.800000,107.200000,16.400000,15.800000
254.600000,106.600000,16.200000,15.400000
254.000000,106.000000,16.800000,16.000000
253.800000,106.600000,16.200000,15.400000
253.400000,106.600000,16.400000,15.800000
253.000000,107.000000,16.200000,15.400000
252.800000,107.800000,15.800000,15.000000
252.200000,108.400000,16.200000,15.400000
251.600000,109.400000,15.600000,14.800000
251.000000,109.800000,15.600000,14.800000
250.400000,110.000000,16.200000,15.400000
250.200000,111.000000,15.800000,15.000000
250.600000,112.000000,15.200000,14.600000
250.600000,112.400000,15.200000,14.600000
250.600000,113.000000,15.200000,14.600000
250.600000,113.800000,15.200000,14.600000
249.800000,116.200000,15.200000,14.600000
249.800000,116.600000,15.000000,14.200000
249.400000,116.600000,15.000000,14.200000
249.000000,116.000000,15.000000,14.200000
248.400000,115.000000,15.600000,14.800000
248.400000,115.800000,15.200000,14.600000
248.200000,117.200000,14.600000,14.000000
248.200000,117.800000,14.600000,14.000000
248.200000,118.000000,14.600000,14.000000
248.600000,119.000000,14.600000,14.000000
249.200000,120.200000,15.000000,14.200000
249.200000,119.600000,15.000000,14.200000
249.400000,119.800000,14.400000,13.600000
249.200000,120.200000,15.000000,14.200000
249.200000,121.600000,14.600000,14.000000
248.800000,121.200000,14.600000,14.000000
248.000000,121.600000,14.000000,13.400000
247.000000,122.400000,14.000000,13.400000
246.400000,122.200000,14.000000,13.400000
245.800000,121.400000,14.600000,14.000000
245.800000,122.400000,14.000000,13.400000
245.600000,122.600000,14.000000,13.400000
246.400000,124.200000,13.600000,12.800000
246.200000,124.200000,13.800000,13.200000
246.200000,124.000000,13.600000,12.800000
246.200000,124.400000,14.000000,13.400000
246.400000,125.600000,14.000000,13.400000
246.600000,125.800000,13.800000,13.200000
247.000000,126.600000,13.600000,12.800000
247.400000,127.200000,13.600000,12.800000
247.400000,127.000000,13.600000,12.800000
247.200000,126.400000,13.600000,12.800000
247.000000,126.000000,13.600000,12.800000
246.800000,125.800000,13.800000,13.200000
246.200000,124.600000,14.400000,13.600000
246.600000,124.800000,13.800000,13.200000
246.800000,125.000000,13.600000,12.800000
247.600000,125.400000,13.200000,12.600000
247.800000,125.600000,13.600000,12.800000
248.600000,127.200000,13.600000,12.800000
248.400000,126.600000,13.600000,12.800000
248.400000,126.200000,13.600000,12.800000
248.400000,126.000000,13.000000,12.400000
248.000000,125.200000,13.200000,12.600000
248.200000,124.800000,12.800000,12.200000
248.200000,124.200000,12.600000,12.000000
247.800000,123.400000,13.000000,12.400000
247.800000,122.800000,12.800000,12.200000
247.800000,122.600000,12.600000,12.000000
248.000000,122.400000,12.000000,11.400000
247.800000,121.600000,12.200000,11.600000
247.600000,121.000000,12.200000,11.600000
247.600000,120.600000,12.600000,12.000000
248.000000,121.200000,12.200000,11.600000
247.600000,120.600000,12.600000,12.000000
248.000000,121.600000,12.200000,11.600000
247.600000,121.600000,12.800000,12.200000
247.400000,121.600000,12.600000,12.000000
247.200000,121.200000,12.600000,12.000000
246.800000,120.800000,12.600000,12.000000
247.000000,120.600000,12.000000,11.400000
247.000000,120.000000,12.000000,11.400000
