192.800000,49.600000,46.200000,48.200000
195.200000,50.200000,42.800000,43.400000
196.600000,51.200000,42.200000,44.600000
196.600000,52.600000,42.400000,44.800000
198.400000,56.800000,43.400000,44.200000
199.400000,57.200000,42.400000,44.000000
202.200000,59.800000,40.400000,39.000000
201.200000,62.000000,41.000000,39.600000
201.200000,61.600000,39.600000,41.000000
200.400000,61.600000,39.400000,39.600000
200.200000,61.600000,38.600000,38.200000
199.400000,60.200000,39.400000,39.000000
198.400000,59.600000,38.200000,37.200000
196.000000,62.200000,37.600000,36.000000
195.000000,66.000000,36.200000,35.000000
192.600000,67.200000,36.800000,36.200000
192.200000,72.000000,35.400000,35.800000
193.600000,75.000000,34.800000,34.800000
192.800000,76.400000,36.000000,34.200000
192.600000,77.400000,35.400000,32.400000
192.800000,82.600000,34.600000,31.800000
193.800000,87.200000,33.600000,32.600000
195.200000,96.800000,32.200000,30.600000
195.000000,97.200000,32.000000,31.200000
194.200000,93.400000,31.400000,30.200000
192.600000,91.600000,31.200000,29.000000
193.200000,89.800000,30.400000,30.000000
192.600000,89.800000,30.200000,29.800000
193.600000,89.600000,29.600000,28.600000
195.200000,92.600000,29.400000,28.600000
197.000000,94.400000,27.600000,26.800000
197.600000,95.400000,28.400000,25.800000
199.800000,94.000000,28.600000,26.600000
201.400000,95.000000,28.000000,26.600000
202.800000,94.400000,28.000000,26.200000
204.600000,100.600000,27.600000,25.200000
205.000000,103.400000,26.800000,25.400000
206.400000,102.600000,26.400000,24.800000
207.000000,106.800000,25.800000,25.800000
208.400000,111.000000,26.600000,24.400000
209.400000,114.000000,25.800000,24.200000
209.000000,114.800000,26.000000,24.000000
208.800000,113.600000,26.200000,23.600000
208.400000,114.400000,25.200000,22.000000
207.400000,115.000000,25.400000,22.800000
207.000000,116.400000,24.800000,22.800000
207.000000,116.800000,23.800000,22.800000
206.600000,116.000000,23.200000,22.400000
206.000000,116.400000,24.800000,22.000000
206.000000,116.800000,24.400000,22.000000
204.600000,118.800000,25.600000,21.400000
205.000000,119.600000,24.000000,22.000000
206.400000,122.600000,23.800000,21.000000
206.400000,124.000000,22.400000,21.000000
207.000000,124.000000,22.000000,19.400000
206.400000,124.400000,22.400000,20.400000
205.600000,124.400000,22.400000,20.000000
205.200000,123.400000,21.800000,19.600000
205.200000,123.000000,21.200000,21.000000
204.600000,124.800000,20.600000,18.800000
203.200000,125.000000,21.400000,19.400000
203.200000,127.400000,20.400000,19.800000
202.800000,129.600000,20.000000,18.800000
203.200000,130.200000,20.400000,19.400000
202.800000,130.200000,19.800000,19.400000
202.600000,129.800000,19.200000,19.400000
201.800000,130.200000,20.000000,18.200000
202.200000,128.400000,19.000000,19.000000
202.200000,128.200000,18.200000,17.800000
201.800000,128.400000,18.600000,17.000000
201.200000,128.400000,19.600000,17.600000
201.400000,127.400000,18.800000,17.400000
200.800000,127.200000,19.400000,17.200000
200.800000,125.800000,18.200000,17.200000
200.800000,125.000000,18.000000,17.200000
199.000000,124.400000,19.000000,16.600000
199.400000,124.400000,18.600000,16.800000
198.800000,123.000000,18.600000,16.600000
199.000000,122.600000,18.000000,17.000000
198.800000,124.000000,18.800000,15.800000
198.400000,122.200000,19.000000,17.000000
197.600000,122.000000,18.400000,16.200000
197.400000,123.000000,18.200000,16.200000
197.600000,122.200000,17.600000,16.200000
197.400000,122.000000,17.200000,15.200000
197.000000,120.600000,16.600000,16.600000
197.000000,120.200000,16.800000,16.200000
197.400000,120.600000,16.200000,14.800000
197.000000,120.200000,16.600000,15.600000
196.000000,120.200000,16.800000,15.800000
196.000000,123.000000,16.800000,15.200000
196.600000,123.600000,15.200000,15.600000
196.000000,123.600000,15.400000,15.600000
197.000000,123.600000,14.400000,14.800000
196.400000,123.400000,15.000000,15.800000
197.000000,123.600000,14.200000,15.200000
196.600000,125.000000,14.200000,16.200000
197.400000,126.000000,13.400000,15.000000
196.600000,127.400000,13.800000,14.200000
198.000000,130.200000,13.200000,14.800000
197.000000,130.600000,14.200000,14.400000
196.000000,131.600000,14.200000,14.200000
194.600000,131.600000,15.800000,14.200000
194.600000,131.600000,14.200000,12.800000
194.200000,133.000000,14.600000,12.800000
193.200000,131.000000,14.800000,14.800000
193.600000,131.200000,14.400000,13.600000
193.800000,131.000000,13.800000,13.000000
193.200000,131.000000,12.800000,13.400000
191.800000,131.000000,14.200000,14.000000
191.400000,130.200000,13.800000,14.800000
192.600000,131.200000,11.600000,13.600000
