162.200000,93.600000,24.400000,23.200000
160.400000,91.600000,24.800000,23.600000
159.000000,90.200000,24.000000,22.800000
157.800000,88.600000,24.400000,23.200000
157.000000,87.400000,24.400000,23.200000
155.800000,86.000000,24.400000,23.200000
154.400000,84.600000,24.400000,23.200000
153.200000,83.000000,24.400000,23.200000
152.200000,81.200000,24.400000,23.200000
151.000000,79.400000,24.400000,23.200000
149.600000,78.000000,24.400000,23.200000
148.600000,76.800000,23.400000,22.200000
147.200000,75.000000,24.400000,23.200000
146.600000,74.000000,24.400000,23.200000
145.800000,73.400000,23.400000,22.200000
145.000000,72.800000,23.000000,21.800000
144.600000,72.400000,23.000000,21.800000
144.600000,72.400000,23.000000,21.800000
144.800000,73.200000,23.000000,21.800000
144.600000,73.400000,23.400000,22.200000
145.000000,74.000000,23.000000,21.800000
144.600000,74.200000,23.000000,21.800000
144.200000,73.800000,23.000000,21.800000
144.600000,74.600000,22.000000,21.000000
144.600000,75.000000,21.600000,20.600000
144.400000,75.800000,22.000000,21.000000
144.000000,76.000000,23.000000,21.800000
144.200000,77.200000,22.000000,21.000000
143.600000,77.200000,23.000000,21.800000
143.400000,77.600000,23.000000,21.800000
143.400000,77.800000,23.000000,21.800000
143.400000,78.600000,22.000000,21.000000
142.800000,78.600000,23.000000,21.800000
142.800000,78.800000,23.000000,21.800000
142.600000,79.000000,22.000000,21.000000
142.000000,78.600000,22.000000,21.000000
141.400000,77.800000,21.600000,20.600000
140.800000,77.200000,21.600000,20.600000
139.800000,76.600000,22.000000,21.000000
139.400000,76.400000,21.600000,20.600000
139.400000,76.600000,21.200000,20.200000
139.400000,77.000000,21.600000,20.600000
140.400000,78.200000,20.800000,19.800000
140.600000,79.000000,21.200000,20.200000
141.000000,79.600000,20.800000,19.800000
141.200000,79.800000,20.800000,19.800000
141.800000,81.200000,21.200000,20.200000
142.800000,82.800000,20.400000,19.400000
144.200000,85.200000,19.600000,18.600000
145.600000,87.400000,19.600000,18.600000
147.600000,90.800000,20.000000,19.000000
149.600000,94.000000,20.000000,19.000000
150.800000,96.000000,19.600000,18.600000
152.200000,98.600000,19.200000,18.200000
154.200000,103.000000,19.600000,18.600000
156.200000,107.400000,19.200000,18.200000
157.200000,110.400000,19.600000,18.600000
158.200000,113.200000,19.600000,18.600000
159.000000,115.600000,19.600000,18.600000
159.600000,117.800000,19.600000,18.600000
160.400000,119.200000,19.200000,18.200000
159.600000,118.800000,19.600000,18.600000
158.800000,117.800000,19.200000,18.200000
158.200000,116.400000,19.200000,18.200000
157.000000,114.800000,19.600000,18.600000
156.000000,114.000000,19.200000,18.200000
155.200000,113.000000,18.800000,18.000000
154.000000,111.400000,19.200000,18.200000
153.600000,110.800000,18.800000,18.000000
152.400000,109.800000,19.600000,18.600000
151.600000,109.600000,19.600000,18.600000
151.600000,110.200000,19.200000,18.200000
153.600000,113.800000,18.400000,17.600000
154.400000,117.400000,18.800000,18.000000
154.200000,118.400000,18.800000,18.000000
