323.000000,145.800000,22.000000,7.600000
322.000000,146.000000,21.800000,7.600000
321.600000,146.000000,22.000000,7.600000
321.400000,146.200000,22.000000,7.600000
320.600000,146.400000,21.800000,7.600000
321.200000,146.800000,21.400000,7.400000
320.800000,146.800000,21.400000,7.400000
319.400000,145.800000,21.800000,7.600000
319.400000,145.400000,21.600000,7.400000
318.800000,145.400000,22.000000,7.600000
318.600000,145.600000,22.000000,7.600000
318.400000,145.600000,22.400000,7.800000
317.800000,145.600000,22.800000,8.000000
317.600000,145.600000,23.400000,8.000000
318.400000,145.800000,22.800000,8.000000
318.200000,146.200000,22.400000,7.800000
317.600000,146.200000,22.200000,7.600000
316.800000,146.400000,22.200000,7.600000
316.600000,146.400000,22.400000,7.800000
316.200000,146.400000,22.400000,7.800000
315.800000,146.400000,22.800000,8.000000
316.600000,146.600000,22.400000,7.800000
316.200000,146.800000,22.600000,7.800000
316.000000,146.800000,23.200000,8.000000
316.000000,146.800000,23.200000,8.000000
316.200000,145.600000,23.200000,8.000000
316.600000,146.000000,22.600000,7.800000
317.400000,146.000000,22.400000,7.800000
317.200000,146.000000,22.600000,7.800000
316.800000,146.000000,23.200000,8.000000
316.200000,146.000000,23.400000,8.000000
315.000000,146.000000,23.800000,8.200000
315.600000,146.200000,23.400000,8.000000
314.600000,146.400000,22.800000,8.000000
314.400000,146.800000,22.400000,7.800000
314.000000,146.800000,22.600000,7.800000
313.800000,147.200000,22.200000,7.600000
313.400000,147.200000,22.200000,7.600000
312.600000,147.400000,22.200000,7.600000
311.800000,146.000000,22.400000,7.800000
310.200000,146.000000,22.600000,7.800000
308.200000,146.200000,22.600000,7.800000
307.800000,146.400000,22.600000,7.800000
306.400000,146.600000,22.600000,7.800000
306.200000,146.800000,22.600000,7.800000
305.600000,147.000000,22.600000,7.800000
305.400000,147.000000,22.400000,7.800000
305.000000,147.200000,22.600000,7.800000
304.800000,147.400000,22.200000,7.600000
304.400000,147.600000,21.800000,7.600000
303.600000,147.600000,22.000000,7.600000
302.400000,147.600000,21.800000,7.600000
301.600000,147.000000,21.800000,7.600000
301.400000,146.800000,22.200000,7.600000
300.800000,146.800000,22.000000,7.600000
299.600000,147.000000,21.800000,7.600000
299.600000,147.200000,21.400000,7.400000
298.000000,147.200000,21.800000,7.600000
297.400000,147.200000,22.000000,7.600000
296.200000,147.400000,21.800000,7.600000
296.400000,147.400000,21.800000,7.600000
296.000000,147.600000,22.000000,7.600000
296.000000,147.800000,22.000000,7.600000
296.000000,147.800000,22.000000,7.600000
295.600000,147.800000,21.800000,7.600000
295.800000,148.000000,21.800000,7.600000
295.400000,147.800000,22.200000,7.600000
295.600000,146.600000,21.800000,7.600000
294.800000,147.000000,22.000000,7.600000
294.800000,147.000000,22.000000,7.600000
294.000000,147.200000,21.800000,7.600000
293.400000,147.200000,21.800000,7.600000
292.400000,147.400000,21.800000,7.600000
292.600000,147.600000,22.000000,7.600000
291.800000,147.600000,21.800000,7.600000
291.800000,147.800000,22.000000,7.600000
291.400000,148.000000,22.400000,7.800000
291.200000,147.800000,22.600000,7.800000
290.600000,148.000000,22.600000,7.800000
290.800000,148.200000,22.200000,7.600000
289.600000,148.200000,22.600000,7.800000
289.600000,148.200000,22.600000,7.800000
288.400000,148.200000,22.800000,8.000000
287.800000,146.600000,23.400000,8.000000
286.400000,146.800000,23.600000,8.200000
286.200000,146.800000,23.600000,8.200000
285.600000,147.000000,23.600000,8.200000
285.400000,147.200000,23.600000,8.200000
285.000000,147.200000,23.600000,8.200000
284.600000,147.200000,23.600000,8.200000
284.200000,147.400000,23.800000,8.200000
284.000000,147.600000,23.600000,8.200000
284.000000,147.600000,23.600000,8.200000
283.200000,147.800000,23.600000,8.200000
282.600000,148.000000,23.200000,8.000000
282.800000,148.000000,23.600000,8.200000
282.600000,148.200000,23.600000,8.200000
282.000000,148.000000,23.800000,8.200000
282.000000,148.000000,24.000000,8.400000
281.800000,148.200000,23.800000,8.200000
