254.200000,102.000000,7.200000,13.200000
254.200000,101.800000,7.400000,13.800000
254.400000,101.800000,7.600000,14.000000
254.600000,101.400000,7.600000,14.000000
255.000000,101.800000,7.600000,14.000000
255.200000,102.200000,7.600000,14.000000
255.600000,102.200000,8.000000,14.600000
255.800000,102.600000,7.800000,14.200000
256.200000,103.200000,7.600000,14.000000
256.400000,103.200000,8.000000,14.600000
256.600000,103.200000,8.000000,14.600000
256.600000,103.600000,7.600000,14.000000
256.400000,104.000000,8.000000,14.600000
256.200000,103.600000,7.600000,14.000000
256.400000,103.200000,7.800000,14.200000
256.600000,103.200000,8.000000,14.600000
257.000000,103.200000,8.000000,14.600000
257.600000,103.000000,7.600000,14.000000
257.800000,103.200000,7.400000,13.800000
257.800000,103.600000,7.400000,13.800000
257.600000,104.400000,7.400000,13.800000
257.600000,104.000000,7.800000,14.200000
257.600000,104.000000,8.000000,14.600000
257.800000,104.400000,7.800000,14.200000
258.800000,104.800000,7.400000,13.800000
259.600000,104.800000,7.400000,13.800000
260.000000,105.200000,7.400000,13.400000
260.600000,105.400000,7.400000,13.400000
261.200000,105.600000,7.400000,13.400000
261.800000,106.000000,7.400000,13.400000
262.200000,106.200000,7.600000,14.000000
263.000000,106.200000,8.000000,14.600000
263.600000,105.800000,7.800000,14.200000
264.600000,105.600000,7.800000,14.200000
265.200000,106.200000,7.600000,14.000000
266.200000,107.000000,7.400000,13.800000
266.600000,107.400000,7.400000,13.400000
267.200000,107.400000,7.400000,13.800000
268.000000,107.400000,7.400000,13.800000
268.600000,106.800000,7.800000,14.200000
269.200000,107.200000,7.800000,14.200000
269.400000,107.000000,8.000000,14.600000
270.400000,107.000000,8.200000,15.200000
271.200000,106.800000,8.400000,15.400000
271.800000,107.200000,8.200000,15.200000
273.000000,107.200000,8.000000,14.600000
274.000000,106.800000,7.800000,14.200000
275.000000,107.000000,7.400000,13.800000
276.000000,107.000000,7.400000,13.800000
276.800000,107.000000,7.400000,13.800000
277.000000,107.000000,7.400000,13.800000
277.000000,107.000000,7.400000,13.800000
276.800000,105.800000,7.800000,14.200000
277.000000,104.800000,8.200000,14.800000
277.200000,104.600000,7.800000,14.200000
277.800000,104.000000,7.400000,13.800000
277.400000,103.400000,7.400000,13.800000
277.000000,102.400000,7.600000,14.000000
276.600000,102.000000,7.400000,13.400000
276.000000,101.400000,7.600000,14.000000
275.400000,100.200000,8.000000,14.600000
275.200000,99.400000,8.000000,14.600000
274.400000,99.200000,7.600000,14.000000
273.400000,98.600000,7.800000,14.200000
273.000000,98.200000,7.600000,14.000000
272.400000,97.600000,7.800000,14.200000
272.000000,97.200000,7.600000,14.000000
271.400000,96.200000,7.800000,14.200000
270.400000,94.800000,8.200000,14.800000
270.000000,93.800000,8.000000,14.600000
269.200000,92.600000,8.200000,14.800000
268.600000,92.000000,8.200000,14.800000
267.800000,91.200000,8.000000,14.600000
267.000000,90.600000,7.600000,14.000000
266.000000,89.600000,7.600000,14.000000
264.800000,88.600000,7.600000,14.000000
264.000000,87.800000,7.600000,14.000000
264.000000,87.600000,7.400000,13.800000
264.000000,86.600000,7.600000,14.000000
263.400000,86.000000,8.000000,14.600000
262.000000,84.800000,8.200000,14.800000
261.800000,84.200000,8.000000,14.600000
261.200000,83.800000,7.600000,14.000000
260.600000,83.800000,7.400000,13.800000
259.600000,83.200000,7.400000,13.800000
258.600000,82.600000,7.800000,14.200000
257.400000,82.400000,7.600000,14.000000
256.600000,81.600000,7.800000,14.200000
256.000000,81.600000,8.000000,14.600000
255.200000,80.400000,8.200000,15.200000
254.800000,79.400000,8.600000,15.800000
254.400000,79.200000,8.200000,15.200000
254.200000,78.600000,8.000000,14.600000
253.200000,77.600000,8.200000,14.800000
252.800000,77.200000,7.800000,14.200000
252.200000,76.200000,7.800000,14.200000
251.800000,76.000000,8.000000,14.600000
250.200000,75.800000,7.800000,14.200000
249.600000,75.200000,8.000000,14.600000
249.000000,74.600000,8.000000,14.600000
248.000000,73.800000,8.000000,14.600000
246.600000,72.400000,8.000000,14.600000
245.200000,71.600000,7.800000,14.200000
243.200000,70.200000,7.800000,14.200000
241.600000,68.800000,7.800000,14.200000
240.000000,67.800000,8.200000,14.800000
239.000000,66.600000,8.200000,15.200000
237.000000,65.800000,8.200000,15.200000
235.600000,65.200000,8.200000,15.200000
234.400000,64.600000,8.200000,14.800000
233.800000,64.800000,8.000000,14.600000
232.200000,64.600000,8.200000,15.200000
231.400000,64.000000,8.200000,14.800000
230.400000,63.800000,8.000000,14.600000
228.600000,63.000000,8.200000,14.800000
227.600000,62.400000,8.000000,14.600000
225.400000,61.600000,7.800000,14.200000
224.400000,61.000000,7.400000,13.800000
223.400000,60.200000,7.600000,14.000000
222.600000,60.400000,7.400000,13.800000
221.000000,59.800000,7.800000,14.200000
219.800000,59.600000,8.000000,14.600000
219.000000,59.600000,7.600000,14.000000
218.000000,59.200000,7.600000,14.000000
217.000000,58.600000,7.600000,14.000000
216.000000,58.400000,8.000000,14.600000
214.600000,57.800000,8.000000,14.600000
213.400000,57.400000,8.200000,15.200000
212.600000,57.800000,8.000000,14.600000
211.400000,57.600000,7.600000,14.000000
210.400000,57.200000,8.000000,14.600000
208.800000,56.800000,8.200000,14.800000
207.600000,57.000000,8.000000,14.600000
206.000000,56.800000,8.200000,14.800000
204.600000,56.800000,7.800000,14.200000
203.400000,56.200000,8.000000,14.600000
202.400000,55.800000,7.600000,14.000000
201.000000,55.400000,7.800000,14.200000
199.600000,55.200000,8.000000,14.600000
198.000000,55.200000,8.200000,14.800000
196.800000,55.200000,7.800000,14.200000
195.600000,54.800000,7.600000,14.000000
194.200000,55.000000,7.600000,14.000000
192.600000,54.800000,7.600000,14.000000
191.200000,54.400000,7.800000,14.200000
189.800000,54.400000,7.600000,14.000000
188.400000,54.000000,7.600000,14.000000
187.000000,53.200000,7.600000,14.000000
185.400000,52.800000,7.600000,14.000000
183.800000,52.000000,7.600000,14.000000
183.000000,51.200000,7.800000,14.200000
181.600000,50.800000,8.000000,14.600000
180.000000,50.200000,8.200000,14.800000
178.800000,50.000000,8.000000,14.600000
177.200000,49.600000,7.800000,14.200000
175.800000,49.600000,7.600000,14.000000
174.600000,49.200000,7.800000,14.200000
172.800000,49.200000,7.600000,14.000000
171.600000,48.600000,7.800000,14.200000
170.600000,48.800000,7.600000,14.000000
169.000000,49.000000,7.400000,13.400000
167.200000,48.600000,7.600000,14.000000
166.200000,49.000000,7.400000,13.400000
164.600000,48.600000,7.600000,14.000000
163.200000,48.000000,7.400000,13.400000
161.800000,47.600000,7.600000,14.000000
160.200000,46.200000,8.000000,14.600000
159.200000,45.800000,8.200000,15.200000
158.000000,46.000000,8.200000,14.800000
156.600000,45.400000,8.200000,15.200000
154.600000,46.200000,6.200000,14.400000
153.400000,45.400000,6.400000,15.000000
152.200000,44.400000,6.600000,15.200000
150.800000,44.400000,6.800000,15.600000
149.400000,44.200000,6.400000,15.000000
148.200000,43.400000,6.400000,15.000000
147.200000,42.800000,6.800000,15.600000
146.000000,42.200000,6.800000,15.600000
144.400000,41.600000,7.000000,16.200000
143.400000,42.000000,6.800000,15.600000
141.800000,41.000000,7.000000,16.200000
140.800000,40.400000,7.000000,16.200000
139.800000,41.000000,6.800000,15.600000
137.800000,40.600000,6.800000,15.800000
136.600000,40.800000,6.600000,15.200000
135.800000,41.400000,6.400000,14.600000
134.000000,40.400000,6.600000,15.200000
132.600000,40.600000,6.800000,15.600000
131.200000,40.000000,7.000000,16.200000
129.800000,40.000000,6.800000,15.800000
128.600000,39.800000,6.800000,15.800000
127.400000,39.400000,6.600000,15.200000
125.800000,38.800000,6.800000,15.800000
124.200000,38.600000,7.200000,16.600000
122.400000,38.200000,7.200000,16.800000
122.000000,38.800000,7.200000,16.600000
121.800000,39.000000,7.200000,16.600000
120.400000,39.000000,6.800000,15.800000
119.200000,38.200000,7.200000,16.600000
118.000000,37.800000,6.800000,15.800000
116.600000,37.600000,6.800000,15.600000
115.600000,36.800000,6.400000,15.000000
114.400000,36.000000,6.600000,15.200000
113.200000,34.600000,6.800000,15.800000
112.200000,34.400000,6.800000,15.800000
110.400000,34.000000,6.800000,15.800000
109.400000,32.800000,7.200000,16.600000
108.800000,32.800000,7.200000,16.600000
109.200000,33.000000,6.800000,15.800000
111.800000,33.000000,6.800000,15.800000
116.600000,35.200000,7.000000,16.200000
119.800000,36.400000,7.000000,16.200000
122.400000,38.200000,7.000000,16.200000
125.200000,42.800000,6.800000,15.600000
125.800000,45.600000,7.000000,16.200000
126.400000,50.400000,7.200000,16.600000
125.800000,53.400000,7.200000,16.800000
124.800000,53.800000,7.200000,16.600000
123.400000,55.200000,7.400000,17.200000
122.000000,55.200000,7.800000,18.000000
122.200000,59.000000,8.000000,18.600000
123.400000,65.600000,7.800000,18.000000
123.200000,67.000000,7.400000,17.200000
122.600000,68.400000,7.200000,16.800000
121.400000,69.200000,7.000000,16.200000
120.400000,69.400000,6.800000,15.800000
119.400000,69.200000,6.800000,15.800000
117.800000,69.200000,6.800000,15.800000
116.400000,69.200000,6.800000,15.600000
114.600000,68.000000,7.000000,16.200000
113.200000,67.800000,6.800000,15.800000
111.800000,67.000000,7.000000,16.200000
110.400000,66.800000,7.200000,16.600000
108.400000,66.400000,7.200000,16.800000
107.000000,66.400000,7.000000,16.200000
105.800000,66.400000,6.800000,15.600000
104.000000,65.800000,6.800000,15.800000
102.800000,65.600000,6.800000,15.600000
101.200000,65.600000,6.400000,15.000000
99.600000,65.400000,6.400000,15.000000
98.000000,64.600000,6.800000,15.600000
96.400000,64.600000,6.800000,15.800000
95.000000,63.800000,7.200000,16.600000
93.800000,63.800000,7.000000,16.200000
92.200000,63.400000,7.000000,16.200000
90.600000,62.800000,7.200000,16.600000
89.200000,62.400000,6.800000,15.800000
87.800000,61.600000,6.800000,15.800000
86.400000,60.600000,7.000000,16.200000
85.000000,60.400000,7.200000,16.600000
83.400000,60.200000,7.200000,16.600000
82.200000,59.400000,6.800000,15.800000
81.000000,59.000000,6.800000,15.800000
79.800000,57.800000,7.200000,16.600000
78.400000,56.800000,7.200000,16.800000
77.000000,56.400000,7.600000,17.600000
75.600000,55.000000,7.800000,18.200000
73.800000,54.800000,7.800000,18.200000
72.000000,54.000000,8.200000,19.000000
71.000000,53.400000,8.200000,19.000000
69.600000,53.000000,8.200000,19.000000
68.000000,53.000000,7.800000,18.200000
66.600000,52.400000,7.800000,18.200000
65.200000,52.400000,7.600000,17.600000
63.800000,52.000000,7.200000,16.800000
62.400000,51.600000,7.400000,17.200000
61.000000,52.000000,7.200000,16.600000
60.400000,52.600000,6.800000,15.800000
61.400000,56.800000,7.000000,16.200000
62.200000,60.400000,6.800000,15.600000
63.800000,63.800000,6.600000,15.200000
64.400000,65.800000,6.800000,15.600000
63.600000,66.400000,6.400000,15.000000
62.400000,66.600000,6.800000,15.600000
61.600000,66.800000,6.400000,15.000000
60.800000,66.000000,6.800000,15.600000
60.200000,66.000000,7.000000,16.200000
58.600000,65.600000,7.200000,16.800000
57.400000,64.800000,7.200000,16.800000
58.000000,66.200000,7.000000,16.200000
57.400000,66.600000,7.200000,16.600000
56.400000,66.600000,6.800000,15.800000
55.000000,67.200000,6.600000,15.200000
53.400000,67.000000,6.800000,15.600000
52.200000,66.600000,6.800000,15.800000
51.400000,67.200000,6.600000,15.200000
51.600000,67.400000,6.800000,15.600000
52.800000,69.800000,7.000000,16.200000
52.800000,71.000000,7.200000,16.800000
52.200000,71.800000,7.200000,16.600000
51.200000,72.400000,7.000000,16.200000
49.800000,72.600000,6.800000,15.600000
48.800000,72.000000,6.800000,15.600000
47.600000,72.000000,6.400000,15.000000
46.200000,71.000000,6.400000,15.000000
45.400000,70.400000,6.600000,15.200000
45.200000,70.600000,6.400000,15.000000
45.200000,70.400000,6.600000,15.200000
45.400000,70.800000,6.800000,15.600000
45.000000,71.400000,6.600000,15.200000
44.800000,72.000000,6.800000,15.800000
44.200000,72.800000,7.000000,16.200000
43.800000,73.400000,7.200000,16.800000
43.600000,75.000000,7.000000,16.200000
42.400000,75.800000,7.000000,16.200000
41.400000,75.800000,7.200000,16.600000
40.800000,75.600000,7.200000,16.600000
40.600000,75.600000,7.000000,16.200000
44.200000,79.600000,7.200000,16.800000
44.800000,81.600000,7.200000,16.600000
45.800000,83.400000,7.200000,16.800000
45.200000,84.200000,7.200000,16.800000
45.000000,85.000000,7.200000,16.800000
44.400000,85.000000,7.000000,16.200000
44.200000,85.400000,7.200000,16.800000
45.600000,87.400000,7.000000,16.200000
46.800000,89.000000,7.200000,16.600000
47.800000,92.400000,7.200000,16.800000
47.000000,92.600000,7.000000,16.200000
46.600000,92.600000,7.200000,16.600000
45.400000,92.800000,7.200000,16.800000
44.800000,93.000000,7.200000,16.800000
45.200000,94.200000,7.000000,16.200000
45.600000,96.200000,6.800000,15.800000
45.800000,96.600000,6.800000,15.600000
47.600000,100.000000,7.000000,16.200000
47.800000,101.400000,7.200000,16.600000
48.000000,102.600000,7.400000,17.200000
48.200000,103.400000,7.200000,16.800000
49.600000,104.600000,7.000000,16.200000
50.000000,106.000000,6.800000,15.600000
49.800000,106.400000,6.400000,15.000000
49.000000,105.600000,6.800000,15.600000
48.800000,106.000000,7.000000,16.200000
49.400000,106.600000,7.200000,16.800000
50.400000,107.600000,7.600000,17.600000
52.200000,108.800000,7.800000,18.000000
54.200000,109.800000,7.800000,18.000000
55.800000,111.400000,7.400000,17.200000
55.800000,111.600000,7.400000,17.200000
55.800000,111.600000,7.200000,16.600000
56.000000,112.200000,7.200000,16.800000
56.800000,113.200000,7.000000,16.200000
56.600000,113.200000,6.800000,15.800000
57.000000,113.800000,7.000000,16.200000
57.000000,113.800000,6.800000,15.600000
57.400000,113.400000,7.000000,16.200000
58.600000,114.800000,6.800000,15.800000
60.000000,116.000000,6.600000,15.200000
60.000000,116.800000,6.800000,15.800000
60.200000,117.400000,6.600000,15.200000
59.600000,117.000000,6.800000,15.600000
59.200000,117.200000,6.800000,15.600000
58.800000,116.600000,6.800000,15.800000
58.800000,116.400000,6.800000,15.800000
58.600000,117.000000,6.800000,15.800000
58.600000,116.600000,6.800000,15.800000
58.600000,116.800000,6.800000,15.600000
58.000000,116.600000,6.800000,15.600000
58.200000,117.000000,6.400000,15.000000
58.200000,117.200000,6.400000,15.000000
58.200000,117.600000,6.400000,15.000000
61.600000,120.800000,6.600000,15.200000
61.600000,121.800000,6.800000,15.600000
60.600000,122.200000,6.400000,15.000000
60.800000,122.800000,6.400000,15.000000
60.400000,123.000000,6.600000,15.200000
61.000000,123.600000,6.800000,15.600000
60.800000,124.400000,6.800000,15.800000
60.800000,125.600000,7.000000,16.200000
60.400000,125.400000,7.000000,16.200000
61.200000,125.400000,6.800000,15.600000
61.200000,124.800000,6.800000,15.800000
61.800000,125.800000,6.800000,15.600000
62.400000,126.600000,6.600000,15.200000
62.000000,126.800000,6.400000,15.000000
63.400000,128.600000,6.400000,14.600000
63.000000,128.000000,6.600000,15.200000
62.400000,127.800000,6.800000,15.800000
63.200000,129.200000,6.800000,15.600000
61.400000,129.200000,6.800000,15.800000
60.600000,129.000000,6.800000,15.800000
60.000000,128.600000,7.000000,16.200000
59.600000,128.200000,7.000000,16.200000
59.800000,129.000000,7.000000,16.200000
59.000000,129.200000,7.000000,16.200000
59.200000,128.400000,7.200000,16.600000
60.800000,129.000000,7.200000,16.600000
62.800000,128.800000,6.800000,15.800000
64.400000,127.200000,7.200000,16.600000
64.000000,127.200000,7.000000,16.200000
64.000000,126.600000,6.800000,15.800000
64.000000,125.800000,6.800000,15.800000
63.400000,125.200000,7.200000,16.600000
63.200000,124.200000,7.200000,16.800000
62.800000,124.000000,7.000000,16.200000
63.200000,124.200000,6.800000,15.800000
62.400000,123.800000,7.200000,16.600000
63.600000,124.000000,7.000000,16.200000
66.200000,124.000000,6.800000,15.800000
66.200000,123.400000,6.800000,15.800000
67.600000,124.000000,6.800000,15.800000
67.400000,124.200000,6.800000,15.600000
67.600000,124.400000,6.800000,15.800000
67.600000,124.800000,6.800000,15.600000
67.800000,125.000000,6.400000,15.000000
67.400000,125.000000,6.600000,15.200000
66.600000,125.000000,6.400000,15.000000
66.200000,124.200000,6.800000,15.600000
66.000000,123.800000,6.800000,15.800000
66.000000,123.800000,7.200000,16.600000
66.200000,123.600000,7.200000,16.600000
66.200000,123.600000,7.200000,16.600000
66.400000,123.600000,7.000000,16.200000
67.200000,124.000000,6.800000,15.800000
68.600000,124.800000,6.800000,15.600000
71.800000,126.800000,6.800000,15.800000
71.400000,126.800000,6.800000,15.600000
72.800000,127.000000,6.600000,15.200000
72.600000,126.400000,6.800000,15.600000
72.400000,125.800000,6.400000,15.000000
72.000000,125.200000,6.400000,15.000000
72.000000,124.400000,6.800000,15.600000
71.400000,124.200000,6.600000,15.200000
71.000000,124.400000,6.400000,15.000000
71.000000,124.200000,6.600000,15.200000
70.800000,124.000000,6.800000,15.800000
71.000000,124.400000,6.800000,15.600000
70.600000,124.200000,6.600000,15.200000
70.400000,124.600000,6.800000,15.600000
71.400000,124.600000,6.400000,15.000000
71.600000,124.400000,6.800000,15.600000
71.600000,124.000000,7.000000,16.200000
72.400000,124.600000,6.800000,15.600000
72.200000,124.800000,6.800000,15.600000
71.800000,124.600000,6.400000,15.000000
72.000000,123.600000,6.600000,15.200000
72.000000,122.600000,6.800000,15.800000
71.600000,121.000000,7.000000,16.200000
71.400000,120.800000,6.800000,15.800000
70.600000,119.800000,7.000000,16.200000
70.800000,118.800000,7.200000,16.600000
70.800000,118.800000,7.000000,16.200000
70.800000,118.800000,7.000000,16.200000
70.200000,118.800000,7.000000,16.200000
70.000000,119.600000,6.800000,15.800000
69.600000,119.600000,6.600000,15.200000
70.200000,119.800000,6.400000,15.000000
70.600000,120.400000,6.800000,15.600000
71.000000,121.000000,6.400000,15.000000
70.800000,121.000000,6.400000,15.000000
70.200000,120.800000,6.600000,15.200000
69.600000,120.400000,6.800000,15.600000
68.600000,120.000000,6.800000,15.800000
67.800000,119.000000,7.000000,16.200000
67.400000,118.400000,7.000000,16.200000
66.400000,118.000000,7.200000,16.600000
65.600000,117.400000,6.800000,15.800000
65.600000,117.600000,6.800000,15.600000
64.800000,117.800000,6.400000,15.000000
64.000000,117.000000,6.600000,15.200000
63.600000,117.200000,6.400000,15.000000
63.800000,117.600000,6.400000,15.000000
63.400000,117.200000,6.800000,15.600000
62.800000,117.200000,6.600000,15.200000
62.200000,117.400000,6.600000,15.200000
62.000000,116.800000,6.600000,15.200000
62.000000,116.800000,6.400000,15.000000
62.000000,116.800000,6.600000,15.200000
62.200000,116.200000,6.800000,15.800000
62.400000,115.800000,6.800000,15.800000
62.200000,115.200000,6.600000,15.200000
62.400000,115.000000,6.400000,15.000000
