163.200000,112.200000,20.200000,19.000000
161.200000,110.200000,19.800000,18.600000
160.000000,109.600000,19.400000,18.200000
158.800000,111.000000,19.000000,18.000000
157.000000,111.000000,19.000000,18.000000
154.400000,109.600000,19.800000,18.600000
152.600000,109.800000,19.800000,18.600000
151.000000,111.600000,19.400000,18.200000
148.800000,111.200000,19.800000,18.600000
146.800000,110.000000,19.800000,18.600000
144.800000,109.400000,19.800000,18.600000
143.600000,111.200000,19.800000,18.600000
142.000000,111.600000,19.400000,18.200000
141.000000,110.800000,19.000000,18.000000
138.800000,109.800000,19.400000,18.200000
138.000000,109.400000,18.600000,17.600000
135.800000,107.400000,19.000000,18.000000
135.000000,105.800000,18.200000,17.200000
133.200000,104.200000,18.200000,17.200000
131.800000,102.800000,18.200000,17.200000
130.000000,101.600000,19.000000,18.000000
129.000000,101.400000,18.600000,17.600000
127.400000,101.400000,19.000000,18.000000
126.400000,101.600000,19.000000,18.000000
125.000000,101.800000,19.000000,18.000000
124.800000,103.000000,18.200000,17.200000
123.200000,102.600000,19.000000,18.000000
122.400000,101.800000,18.200000,17.200000
120.200000,99.800000,18.600000,17.600000
119.000000,98.000000,18.600000,17.600000
117.200000,96.200000,19.000000,18.000000
116.400000,95.000000,18.200000,17.200000
115.000000,93.600000,18.600000,17.600000
114.400000,93.200000,18.000000,16.800000
113.400000,92.600000,18.000000,16.800000
113.000000,92.400000,18.000000,16.800000
112.200000,93.000000,18.200000,17.200000
112.400000,94.400000,18.600000,17.600000
112.000000,95.400000,18.000000,16.800000
110.800000,95.200000,18.600000,17.600000
109.800000,95.200000,18.200000,17.200000
109.000000,94.800000,17.600000,16.600000
107.800000,93.600000,17.200000,16.200000
106.400000,92.400000,17.000000,15.800000
105.200000,91.200000,17.000000,15.800000
104.000000,90.400000,17.000000,15.800000
103.000000,89.600000,17.000000,15.800000
102.200000,89.200000,16.600000,15.600000
102.200000,90.000000,17.000000,15.800000
101.600000,89.800000,17.000000,15.800000
100.600000,88.800000,17.000000,15.800000
99.800000,88.200000,16.600000,15.600000
99.000000,88.800000,16.600000,15.600000
99.400000,90.400000,16.600000,15.600000
99.000000,91.800000,16.600000,15.600000
98.400000,91.800000,16.600000,15.600000
97.600000,92.000000,16.600000,15.600000
97.400000,92.600000,16.000000,15.000000
96.400000,92.600000,16.000000,15.000000
95.400000,91.800000,15.600000,14.600000
94.000000,90.400000,16.000000,15.000000
93.400000,90.400000,15.400000,14.400000
92.600000,90.400000,16.000000,15.000000
92.200000,90.800000,15.400000,14.400000
92.200000,91.400000,15.600000,14.600000
90.400000,90.200000,16.000000,15.000000
89.600000,89.000000,16.000000,15.000000
89.000000,89.000000,15.600000,14.600000
89.200000,88.800000,15.600000,14.600000
88.800000,88.400000,15.600000,14.600000
90.200000,88.600000,15.000000,14.200000
90.800000,88.400000,15.400000,14.400000
90.800000,87.600000,15.600000,14.600000
89.600000,87.200000,15.000000,14.200000
89.400000,87.000000,15.000000,14.200000
88.400000,87.800000,14.800000,13.800000
89.000000,89.200000,15.400000,14.400000
87.600000,89.000000,15.400000,14.400000
87.600000,88.600000,15.400000,14.400000
86.200000,88.200000,15.000000,14.200000
86.000000,87.400000,14.800000,13.800000
83.800000,85.800000,15.000000,14.200000
83.000000,84.600000,15.000000,14.200000
81.400000,84.200000,15.000000,14.200000
81.600000,85.400000,15.000000,14.200000
80.800000,87.200000,14.800000,13.800000
79.800000,86.000000,15.000000,14.200000
78.000000,85.400000,15.000000,14.200000
77.400000,85.000000,15.000000,14.200000
75.800000,84.600000,14.800000,13.800000
75.400000,84.200000,14.400000,13.600000
73.800000,84.200000,14.200000,13.400000
72.800000,83.200000,14.400000,13.600000
71.000000,82.400000,14.400000,13.600000
70.000000,81.400000,14.800000,13.800000
68.600000,80.800000,14.200000,13.400000
67.800000,80.000000,14.200000,13.400000
66.200000,79.600000,14.200000,13.400000
65.000000,78.600000,14.800000,13.800000
63.800000,78.000000,14.400000,13.600000
62.800000,77.200000,14.400000,13.600000
61.800000,76.600000,14.400000,13.600000
61.200000,77.200000,13.800000,13.000000
60.400000,77.400000,14.400000,13.600000
60.600000,79.000000,14.200000,13.400000
60.400000,80.000000,13.800000,13.000000
60.000000,81.200000,14.400000,13.600000
59.600000,81.600000,13.800000,13.000000
59.000000,81.800000,13.800000,13.000000
58.800000,81.800000,13.600000,12.800000
58.000000,81.400000,13.600000,12.800000
58.400000,80.800000,13.600000,12.800000
58.200000,80.600000,13.400000,12.600000
59.200000,80.400000,13.400000,12.600000
59.800000,81.000000,13.400000,12.600000
60.200000,81.600000,12.800000,12.000000
59.400000,81.800000,13.000000,12.200000
60.400000,82.200000,12.800000,12.000000
60.400000,83.600000,13.000000,12.200000
60.600000,83.800000,12.600000,11.800000
60.600000,83.800000,12.800000,12.000000
61.400000,83.800000,13.400000,12.600000
60.600000,84.000000,13.000000,12.200000
60.600000,84.200000,13.000000,12.200000
59.400000,84.600000,13.000000,12.200000
60.200000,86.800000,12.800000,12.000000
59.600000,88.400000,12.800000,12.000000
59.400000,88.600000,13.000000,12.200000
58.800000,89.800000,12.600000,11.800000
58.600000,91.800000,13.000000,12.200000
58.400000,93.200000,13.000000,12.200000
58.600000,95.000000,12.800000,12.000000
58.000000,96.200000,12.800000,12.000000
57.200000,97.200000,12.800000,12.000000
57.000000,98.000000,12.800000,12.000000
56.200000,98.400000,12.400000,11.600000
55.200000,98.200000,12.000000,11.400000
53.800000,98.000000,12.600000,11.800000
53.400000,98.400000,12.000000,11.400000
52.200000,98.400000,12.600000,11.800000
52.800000,99.000000,12.400000,11.600000
52.200000,99.400000,12.400000,11.600000
54.400000,102.200000,12.000000,11.400000
55.000000,104.200000,12.600000,11.800000
56.200000,105.800000,12.000000,11.400000
56.200000,106.600000,12.000000,11.400000
57.400000,108.200000,12.000000,11.400000
57.800000,109.000000,12.000000,11.400000
57.400000,109.200000,12.000000,11.400000
58.000000,109.800000,12.000000,11.400000
58.000000,110.000000,12.000000,11.400000
58.000000,109.600000,12.000000,11.400000
