218.000000,138.000000,9.800000,9.600000
218.600000,138.000000,9.400000,9.200000
218.600000,137.600000,9.400000,9.200000
218.600000,137.400000,9.400000,9.200000
218.400000,137.200000,9.400000,9.200000
218.400000,137.000000,9.400000,9.200000
218.200000,136.400000,9.400000,9.200000
218.000000,135.800000,9.400000,9.200000
217.600000,134.800000,9.400000,9.200000
217.800000,134.200000,9.000000,8.800000
217.600000,133.400000,9.400000,9.200000
217.400000,132.400000,9.400000,9.200000
217.400000,131.800000,9.400000,9.200000
217.600000,131.000000,9.400000,9.200000
217.600000,130.200000,9.400000,9.200000
217.400000,129.600000,9.400000,9.200000
217.400000,129.200000,9.200000,9.000000
216.800000,128.400000,9.600000,9.400000
216.800000,128.000000,9.600000,9.400000
216.400000,127.200000,9.400000,9.200000
216.400000,126.800000,9.400000,9.200000
216.000000,126.400000,9.000000,8.800000
215.800000,126.200000,9.400000,9.200000
215.600000,125.400000,9.400000,9.200000
215.200000,124.800000,9.400000,9.200000
215.200000,123.800000,9.400000,9.200000
214.200000,123.200000,9.400000,9.200000
214.200000,122.800000,9.600000,9.400000
213.200000,122.000000,9.600000,9.400000
213.400000,121.200000,9.400000,9.200000
212.600000,120.600000,9.400000,9.200000
212.600000,119.800000,9.600000,9.400000
211.400000,119.000000,9.400000,9.200000
211.200000,118.200000,9.600000,9.400000
210.600000,118.200000,9.400000,9.200000
209.000000,115.000000,11.400000,10.000000
208.800000,114.400000,10.600000,10.400000
207.400000,113.000000,10.200000,10.000000
209.000000,114.000000,9.800000,8.600000
209.000000,113.400000,9.400000,9.200000
208.800000,110.600000,10.600000,10.600000
208.400000,109.200000,10.400000,10.600000
208.800000,107.800000,9.600000,11.800000
209.400000,106.400000,8.600000,11.400000
208.800000,106.400000,8.600000,11.000000
209.400000,105.400000,7.200000,9.400000
210.400000,104.800000,6.200000,8.800000
209.800000,104.000000,5.800000,11.000000
208.800000,103.400000,5.400000,9.600000
207.400000,101.600000,5.400000,9.400000
207.000000,102.200000,6.600000,9.800000
206.000000,105.800000,7.800000,8.600000
203.800000,104.000000,5.200000,10.000000
204.200000,104.000000,7.000000,7.200000
201.200000,102.600000,8.600000,9.400000
202.800000,102.600000,7.200000,7.600000
202.000000,101.800000,7.800000,8.200000
201.800000,101.800000,8.200000,8.200000
201.200000,101.400000,8.400000,8.200000
200.800000,100.200000,7.800000,8.400000
199.000000,99.800000,10.000000,9.000000
199.400000,98.800000,9.600000,10.000000
199.400000,98.400000,9.400000,9.400000
199.400000,97.400000,9.000000,9.200000
198.600000,96.400000,9.600000,9.200000
198.200000,96.200000,10.400000,8.200000
198.200000,95.800000,10.400000,8.200000
197.200000,94.600000,10.600000,8.400000
197.000000,93.800000,10.600000,8.400000
196.800000,93.000000,10.800000,8.600000
196.600000,92.200000,10.600000,8.400000
196.400000,91.200000,10.200000,8.000000
195.800000,89.800000,10.600000,8.400000
196.000000,89.400000,10.200000,8.000000
195.800000,88.800000,9.800000,7.800000
196.200000,88.400000,9.400000,7.400000
195.200000,87.000000,9.600000,7.600000
195.000000,86.000000,9.800000,7.800000
194.800000,85.400000,9.800000,7.800000
194.600000,85.000000,10.000000,7.800000
194.600000,84.400000,9.800000,7.800000
194.200000,83.800000,10.200000,8.000000
193.800000,83.200000,10.200000,8.000000
193.800000,83.000000,10.000000,7.800000
193.800000,82.400000,9.800000,7.800000
193.200000,82.000000,9.800000,7.800000
193.600000,82.200000,9.400000,7.400000
192.800000,81.400000,9.600000,7.600000
192.600000,81.000000,10.000000,7.800000
192.000000,80.400000,9.800000,7.800000
192.400000,80.400000,10.200000,8.000000
191.200000,79.600000,10.200000,8.000000
191.400000,79.200000,9.800000,7.800000
191.000000,78.600000,10.200000,8.000000
190.800000,77.800000,10.200000,8.000000
190.600000,77.400000,9.800000,7.800000
190.800000,76.800000,10.200000,8.000000
190.000000,76.200000,10.200000,8.000000
190.400000,76.000000,10.200000,8.000000
190.000000,75.400000,9.800000,7.800000
189.400000,74.600000,10.200000,8.000000
189.200000,74.200000,10.200000,8.000000
189.200000,74.000000,9.800000,7.800000
188.800000,73.600000,9.800000,7.800000
188.400000,73.000000,10.000000,7.800000
188.200000,72.600000,9.800000,7.800000
187.800000,72.000000,9.800000,7.800000
187.600000,71.600000,9.800000,7.800000
187.200000,71.400000,10.200000,8.000000
187.200000,71.200000,10.200000,8.000000
186.600000,71.000000,10.200000,8.000000
187.000000,70.800000,9.800000,7.800000
186.000000,70.400000,10.200000,8.000000
186.200000,70.200000,10.000000,7.800000
185.600000,69.800000,10.200000,8.000000
185.600000,70.000000,9.800000,7.800000
185.000000,69.600000,10.200000,8.000000
184.800000,69.400000,10.200000,8.000000
184.400000,69.200000,10.200000,8.000000
184.200000,68.800000,10.200000,8.000000
183.800000,68.200000,10.200000,8.000000
184.000000,67.800000,10.200000,8.000000
183.600000,67.000000,10.200000,8.000000
183.800000,66.400000,9.800000,7.800000
183.400000,65.600000,10.200000,8.000000
183.600000,65.000000,10.200000,8.000000
182.800000,64.000000,10.200000,8.000000
183.000000,63.800000,10.200000,8.000000
182.800000,63.400000,10.200000,8.000000
182.600000,63.200000,10.200000,8.000000
182.200000,62.600000,10.000000,7.800000
181.800000,61.800000,10.200000,8.000000
181.600000,61.400000,9.800000,7.800000
181.800000,61.200000,9.600000,7.600000
181.600000,60.600000,10.000000,7.800000
181.800000,59.800000,10.000000,7.800000
181.200000,59.000000,10.000000,7.800000
181.400000,58.200000,10.000000,7.800000
181.000000,57.400000,10.200000,8.000000
181.400000,57.200000,9.800000,7.800000
180.800000,56.600000,10.200000,8.000000
180.800000,56.200000,10.200000,8.000000
180.600000,56.200000,10.200000,8.000000
180.800000,56.600000,9.800000,7.800000
180.200000,57.200000,10.000000,7.800000
179.600000,57.200000,10.200000,8.000000
179.800000,57.800000,10.200000,8.000000
179.600000,57.800000,9.800000,7.800000
179.400000,57.800000,10.200000,8.000000
179.000000,57.400000,10.200000,8.000000
179.000000,57.000000,9.800000,7.800000
179.200000,57.000000,9.800000,7.800000
179.200000,56.200000,10.000000,7.800000
179.000000,56.000000,9.800000,7.800000
179.400000,56.000000,9.800000,7.800000
179.200000,55.800000,9.800000,7.800000
179.200000,55.400000,10.200000,8.000000
179.000000,55.200000,9.800000,7.800000
179.000000,54.800000,10.000000,7.800000
178.800000,54.400000,9.800000,7.800000
179.000000,54.000000,9.400000,7.400000
178.800000,53.000000,9.600000,7.600000
179.000000,52.200000,9.200000,7.200000
179.000000,51.600000,9.400000,7.400000
178.800000,50.800000,9.800000,7.800000
179.000000,50.600000,9.400000,7.400000
179.000000,50.400000,9.800000,7.800000
179.200000,50.400000,10.000000,7.800000
179.000000,50.400000,9.800000,7.800000
179.000000,49.800000,10.000000,7.800000
178.400000,49.000000,9.800000,7.800000
179.200000,48.400000,9.400000,7.400000
179.000000,47.800000,9.200000,7.200000
179.400000,47.400000,8.800000,7.000000
179.200000,47.000000,9.200000,7.200000
179.200000,46.800000,9.600000,7.600000
179.000000,47.200000,9.600000,7.600000
179.000000,48.000000,9.800000,7.800000
179.200000,48.000000,9.800000,7.800000
179.000000,47.600000,9.800000,7.800000
178.200000,47.400000,10.200000,8.000000
178.200000,47.600000,10.000000,7.800000
178.200000,48.600000,9.800000,7.800000
178.200000,48.600000,9.800000,7.800000
177.800000,48.800000,9.800000,7.800000
178.000000,48.800000,10.000000,7.800000
177.600000,48.600000,9.800000,7.800000
177.600000,48.600000,9.800000,7.800000
177.800000,48.600000,9.800000,7.800000
177.800000,48.600000,9.400000,7.400000
177.200000,48.400000,9.800000,7.800000
177.400000,49.000000,9.400000,7.400000
177.000000,49.200000,9.200000,7.200000
177.400000,49.200000,9.400000,7.400000
176.800000,48.400000,9.800000,7.800000
176.600000,48.400000,9.800000,7.800000
