174.400000,97.600000,35.000000,31.400000
173.600000,96.600000,35.000000,31.400000
172.800000,95.600000,33.600000,30.200000
172.400000,95.400000,32.400000,29.000000
171.200000,93.800000,32.400000,29.000000
170.000000,92.600000,31.800000,28.400000
168.600000,91.400000,32.400000,29.000000
167.600000,90.200000,32.400000,29.000000
166.400000,89.000000,32.400000,29.000000
165.400000,87.800000,31.000000,27.800000
164.200000,86.800000,32.400000,29.000000
164.600000,87.000000,31.000000,27.800000
163.200000,86.000000,32.400000,29.000000
162.600000,85.400000,31.000000,27.800000
162.200000,84.600000,29.800000,26.800000
161.800000,84.000000,30.400000,27.400000
160.400000,83.200000,31.800000,28.400000
160.200000,83.400000,31.000000,27.800000
160.600000,83.800000,30.400000,27.400000
160.400000,83.800000,30.400000,27.400000
160.000000,83.800000,31.000000,27.800000
161.000000,85.000000,29.800000,26.800000
161.000000,85.000000,30.400000,27.400000
161.200000,85.400000,29.200000,26.200000
161.800000,86.200000,29.200000,26.200000
161.800000,87.000000,29.200000,26.200000
161.600000,87.400000,29.800000,26.800000
163.000000,90.600000,29.200000,26.200000
162.800000,91.800000,29.200000,26.200000
161.800000,91.400000,29.800000,26.800000
161.400000,91.000000,29.200000,26.200000
160.400000,90.000000,29.800000,26.800000
160.200000,90.000000,29.200000,26.200000
160.000000,90.200000,29.200000,26.200000
160.200000,91.000000,28.800000,25.800000
160.800000,92.400000,28.800000,25.800000
160.600000,92.400000,28.800000,25.800000
159.600000,91.000000,29.200000,26.200000
158.600000,89.600000,29.200000,26.200000
158.000000,89.200000,29.200000,26.200000
158.200000,89.400000,29.200000,26.200000
159.200000,90.600000,28.200000,25.200000
159.800000,91.600000,28.800000,25.800000
160.600000,92.800000,28.200000,25.200000
161.200000,93.200000,27.600000,24.800000
161.400000,93.400000,27.000000,24.200000
161.000000,92.600000,28.200000,25.200000
161.400000,92.800000,27.600000,24.800000
161.000000,92.400000,27.600000,24.800000
161.000000,92.000000,27.000000,24.200000
160.800000,91.800000,27.600000,24.800000
161.000000,91.600000,27.600000,24.800000
161.200000,91.600000,27.000000,24.200000
161.000000,91.200000,27.000000,24.200000
160.600000,90.400000,27.600000,24.800000
160.400000,89.800000,27.600000,24.800000
160.000000,89.400000,28.800000,25.800000
162.000000,91.400000,27.600000,24.800000
163.800000,94.000000,27.000000,24.200000
164.800000,95.000000,26.000000,23.400000
164.400000,94.600000,26.600000,23.800000
164.200000,94.200000,26.600000,23.800000
163.400000,93.200000,27.600000,24.800000
163.400000,93.000000,26.600000,23.800000
163.200000,93.000000,27.000000,24.200000
164.200000,94.200000,26.000000,23.400000
163.800000,93.800000,26.600000,23.800000
163.800000,94.000000,26.600000,23.800000
164.200000,95.000000,26.600000,23.800000
164.400000,95.600000,26.600000,23.800000
164.600000,95.800000,26.600000,23.800000
164.600000,96.400000,26.600000,23.800000
166.200000,99.000000,26.000000,23.400000
167.000000,101.000000,25.000000,22.400000
167.400000,102.000000,25.000000,22.400000
167.000000,102.200000,24.000000,21.600000
166.600000,102.000000,23.600000,21.200000
165.800000,101.200000,24.600000,22.000000
165.400000,101.200000,23.600000,21.200000
164.800000,101.000000,24.000000,21.600000
164.200000,100.400000,25.000000,22.400000
164.000000,100.400000,25.000000,22.400000
162.800000,99.400000,26.000000,23.400000
161.800000,98.400000,26.000000,23.400000
160.800000,97.400000,26.000000,23.400000
160.200000,97.000000,26.000000,23.400000
160.400000,97.200000,25.000000,22.400000
160.200000,97.400000,24.000000,21.600000
160.000000,97.400000,23.600000,21.200000
160.400000,98.200000,23.600000,21.200000
160.400000,98.200000,23.600000,21.200000
159.800000,97.600000,23.600000,21.200000
159.000000,97.000000,23.600000,21.200000
158.800000,97.000000,23.600000,21.200000
158.800000,96.800000,23.600000,21.200000
158.800000,97.200000,23.600000,21.200000
158.800000,97.400000,23.600000,21.200000
158.800000,97.800000,23.600000,21.200000
159.200000,98.000000,23.600000,21.200000
159.000000,98.200000,23.600000,21.200000
