208.400000,118.600000,24.200000,26.800000
207.000000,117.000000,25.600000,27.000000
206.000000,113.600000,25.800000,29.000000
205.600000,111.000000,25.200000,28.800000
204.600000,109.200000,25.600000,26.800000
204.200000,106.000000,24.600000,27.400000
204.200000,105.400000,25.200000,27.200000
204.600000,105.000000,24.800000,27.600000
204.200000,104.000000,24.800000,27.200000
203.600000,101.600000,24.800000,27.200000
203.200000,101.000000,25.200000,25.400000
203.600000,99.600000,24.400000,25.800000
203.600000,99.000000,23.800000,24.200000
204.200000,99.800000,24.600000,25.000000
204.200000,98.800000,24.800000,26.600000
205.000000,97.800000,24.000000,25.600000
204.600000,96.000000,24.800000,26.200000
206.000000,97.200000,24.800000,25.000000
208.200000,99.600000,24.000000,24.000000
208.400000,98.200000,23.800000,25.200000
207.600000,96.000000,24.200000,25.200000
207.600000,95.400000,25.000000,24.800000
209.400000,96.000000,24.800000,24.600000
209.000000,95.000000,24.600000,24.200000
210.400000,96.000000,23.800000,24.200000
211.400000,96.800000,24.200000,23.400000
210.200000,95.400000,24.000000,23.800000
210.200000,95.800000,24.800000,23.800000
210.200000,95.400000,23.600000,22.400000
208.800000,93.400000,23.800000,22.600000
208.400000,93.400000,23.400000,22.000000
207.400000,91.600000,24.400000,23.200000
207.600000,92.000000,23.800000,22.000000
206.600000,91.000000,23.800000,22.600000
206.000000,90.200000,24.200000,22.400000
206.600000,91.600000,22.400000,22.000000
206.000000,91.200000,23.400000,22.200000
204.600000,90.600000,24.200000,22.000000
205.200000,91.200000,22.800000,21.800000
206.000000,92.000000,22.400000,21.400000
205.200000,91.200000,22.400000,21.800000
204.200000,90.200000,22.400000,21.800000
204.200000,92.200000,22.800000,20.800000
203.800000,92.000000,23.600000,21.000000
202.800000,92.200000,23.200000,20.800000
203.600000,92.000000,22.400000,20.200000
202.800000,91.000000,22.800000,21.000000
202.600000,90.200000,23.000000,21.400000
203.600000,91.600000,21.600000,20.600000
203.200000,91.600000,22.800000,20.400000
202.600000,91.000000,22.000000,20.200000
202.800000,92.000000,22.200000,19.600000
202.800000,92.000000,22.200000,19.600000
203.600000,91.600000,21.400000,20.400000
204.200000,94.400000,21.800000,20.000000
204.600000,97.200000,21.400000,19.600000
205.200000,99.800000,21.400000,19.000000
203.800000,99.800000,22.200000,19.400000
204.600000,100.200000,21.400000,19.400000
202.600000,98.400000,21.000000,19.400000
201.200000,97.200000,21.400000,19.600000
199.800000,95.400000,21.000000,19.200000
198.600000,93.800000,20.600000,18.800000
197.200000,92.800000,21.400000,19.600000
197.800000,94.800000,21.400000,19.600000
198.000000,96.200000,21.400000,19.600000
198.000000,97.200000,21.000000,19.200000
197.200000,96.800000,21.000000,19.200000
196.600000,97.200000,20.600000,18.800000
196.200000,97.200000,20.600000,18.800000
196.200000,97.800000,19.800000,18.200000
194.600000,97.000000,20.600000,18.800000
193.800000,96.800000,20.200000,18.400000
193.200000,97.000000,19.800000,18.200000
192.400000,96.600000,19.800000,18.200000
191.800000,97.000000,20.600000,18.800000
192.600000,99.400000,19.800000,18.200000
193.000000,102.200000,20.200000,18.400000
192.600000,101.400000,19.800000,18.200000
192.000000,100.200000,19.000000,17.400000
191.400000,99.800000,19.000000,17.400000
190.400000,98.600000,19.800000,18.200000
189.800000,97.600000,19.400000,17.800000
189.200000,96.600000,19.000000,17.400000
189.400000,97.000000,19.400000,17.800000
189.200000,96.800000,18.600000,17.000000
188.400000,95.600000,19.000000,17.400000
187.600000,94.800000,19.400000,17.800000
189.200000,99.000000,19.400000,17.800000
189.200000,99.400000,19.400000,17.800000
189.000000,99.200000,19.400000,17.800000
190.000000,100.400000,19.000000,17.400000
190.600000,101.400000,18.200000,16.800000
190.400000,102.000000,19.000000,17.400000
190.800000,103.000000,19.400000,17.800000
191.200000,104.600000,19.000000,17.400000
191.000000,104.200000,18.600000,17.000000
190.000000,102.800000,19.400000,17.800000
189.600000,102.200000,19.400000,17.800000
188.800000,101.000000,19.400000,17.800000
188.400000,100.400000,18.600000,17.000000
187.800000,99.600000,18.200000,16.800000
188.000000,100.200000,18.200000,16.800000
187.800000,100.400000,18.200000,16.800000
187.600000,100.800000,18.600000,17.000000
189.200000,106.200000,19.400000,17.800000
189.200000,106.200000,18.600000,17.000000
188.400000,105.600000,18.600000,17.000000
188.600000,106.600000,18.600000,17.000000
188.600000,106.800000,18.200000,16.800000
188.400000,107.800000,19.000000,17.400000
189.200000,110.400000,18.200000,16.800000
189.000000,110.400000,18.000000,16.400000
188.400000,110.000000,18.600000,17.000000
187.600000,108.600000,18.200000,16.800000
186.600000,107.200000,18.200000,16.800000
185.600000,105.800000,18.200000,16.800000
185.400000,105.000000,17.600000,16.000000
185.000000,104.400000,17.600000,16.000000
184.400000,103.800000,17.200000,15.800000
184.600000,104.600000,16.800000,15.400000
184.400000,105.000000,16.800000,15.400000
184.600000,105.600000,16.200000,14.800000
183.800000,104.800000,16.800000,15.400000
183.400000,104.200000,17.200000,15.800000
183.400000,105.600000,16.800000,15.400000
183.200000,105.600000,16.800000,15.400000
182.400000,105.000000,17.200000,15.800000
181.800000,104.000000,16.600000,15.200000
180.800000,102.800000,16.600000,15.200000
180.000000,101.600000,16.600000,15.200000
179.600000,100.800000,16.200000,14.800000
178.400000,99.800000,16.800000,15.400000
178.400000,100.600000,16.600000,15.200000
179.000000,101.600000,16.000000,14.600000
178.600000,102.000000,16.600000,15.200000
179.200000,104.600000,16.200000,14.800000
178.800000,104.200000,16.600000,15.200000
178.200000,103.400000,16.600000,15.200000
177.800000,103.200000,16.600000,15.200000
177.200000,102.400000,16.600000,15.200000
176.800000,101.800000,16.200000,14.800000
176.600000,102.200000,16.600000,15.200000
177.000000,103.000000,16.000000,14.600000
176.400000,102.800000,16.200000,14.800000
176.200000,102.800000,16.000000,14.600000
177.000000,105.000000,15.600000,14.200000
176.800000,105.800000,16.000000,14.600000
176.400000,105.600000,16.000000,14.600000
176.200000,105.600000,15.600000,14.200000
175.600000,105.400000,16.000000,14.600000
175.200000,105.400000,16.000000,14.600000
174.800000,105.000000,16.000000,14.600000
174.600000,105.200000,15.200000,14.000000
174.400000,105.400000,16.000000,14.600000
174.000000,105.400000,16.000000,14.600000
173.800000,105.600000,15.200000,14.000000
173.200000,105.600000,15.000000,13.800000
172.600000,105.200000,15.600000,14.200000
173.400000,108.600000,15.000000,13.800000
172.800000,108.600000,15.200000,14.000000
172.600000,108.800000,15.000000,13.800000
172.600000,110.400000,14.600000,13.400000
172.600000,111.000000,14.400000,13.200000
171.600000,109.800000,14.600000,13.400000
170.800000,108.800000,14.600000,13.400000
170.200000,108.000000,14.600000,13.400000
170.000000,108.200000,14.200000,13.000000
169.400000,107.600000,14.200000,13.000000
168.800000,107.400000,14.400000,13.200000
167.600000,106.600000,15.000000,13.800000
167.000000,106.000000,14.600000,13.400000
166.400000,106.200000,15.000000,13.800000
166.400000,106.600000,14.400000,13.200000
165.800000,106.600000,14.400000,13.200000
165.400000,106.600000,14.400000,13.200000
165.200000,107.200000,14.400000,13.200000
164.600000,108.600000,14.600000,13.400000
164.000000,108.600000,15.200000,14.000000
163.400000,108.400000,15.000000,13.800000
162.600000,108.600000,15.200000,14.000000
162.400000,109.600000,15.000000,13.800000
162.200000,109.600000,14.600000,13.400000
161.400000,108.800000,14.600000,13.400000
161.000000,109.000000,14.400000,13.200000
160.000000,108.600000,14.600000,13.400000
159.600000,108.200000,14.400000,13.200000
158.800000,108.200000,14.600000,13.400000
158.200000,107.600000,14.200000,13.000000
157.400000,107.000000,14.400000,13.200000
156.600000,106.400000,14.200000,13.000000
156.400000,107.000000,14.200000,13.000000
156.600000,108.600000,14.200000,13.000000
157.200000,111.600000,14.400000,13.200000
156.800000,112.000000,14.200000,13.000000
156.400000,112.800000,14.600000,13.400000
156.600000,113.600000,14.200000,13.000000
156.200000,113.800000,14.400000,13.200000
155.600000,113.200000,14.200000,13.000000
155.800000,113.800000,13.800000,12.600000
155.000000,113.800000,14.400000,13.200000
155.000000,114.200000,13.800000,12.600000
154.800000,115.000000,14.200000,13.000000
154.200000,114.800000,14.600000,13.400000
154.000000,114.400000,14.200000,13.000000
153.400000,114.200000,14.200000,13.000000
153.200000,114.200000,13.600000,12.400000
152.400000,113.400000,14.200000,13.000000
152.200000,113.200000,14.200000,13.000000
152.400000,114.000000,13.600000,12.400000
153.600000,118.600000,14.200000,13.000000
153.800000,120.000000,13.800000,12.600000
153.600000,120.200000,13.600000,12.400000
153.200000,119.400000,14.200000,13.000000
152.600000,118.800000,14.200000,13.000000
152.600000,119.200000,13.800000,12.600000
152.200000,119.800000,14.200000,13.000000
152.400000,121.400000,13.600000,12.400000
152.400000,122.000000,13.400000,12.200000
151.800000,122.000000,13.400000,12.200000
151.200000,122.200000,13.800000,12.600000
151.200000,122.400000,13.600000,12.400000
151.200000,122.200000,13.600000,12.400000
150.600000,121.400000,14.200000,13.000000
150.800000,121.800000,13.800000,12.600000
150.600000,122.000000,13.400000,12.200000
150.400000,122.200000,13.800000,12.600000
151.000000,122.800000,13.400000,12.200000
152.200000,125.400000,13.400000,12.200000
153.200000,127.400000,13.400000,12.200000
152.600000,127.000000,13.800000,12.600000
152.400000,126.600000,13.600000,12.400000
152.200000,126.600000,13.400000,12.200000
152.000000,126.200000,13.600000,12.400000
151.800000,126.000000,13.000000,12.000000
151.600000,125.800000,13.400000,12.200000
151.600000,125.600000,13.400000,12.200000
151.600000,125.200000,13.000000,12.000000
151.600000,125.200000,12.800000,11.800000
151.800000,125.000000,12.800000,11.800000
151.400000,124.200000,13.400000,12.200000
151.200000,123.600000,13.000000,12.000000
151.200000,123.200000,13.000000,12.000000
151.000000,122.800000,12.800000,11.800000
150.600000,122.200000,13.000000,12.000000
150.800000,122.000000,12.800000,11.800000
150.400000,121.600000,13.400000,12.200000
150.600000,121.400000,13.400000,12.200000
151.400000,121.600000,13.000000,12.000000
152.400000,121.600000,13.000000,12.000000
153.200000,122.200000,12.600000,11.400000
153.200000,122.000000,12.600000,11.400000
153.000000,121.400000,12.800000,11.800000
153.000000,121.400000,12.600000,11.400000
152.800000,120.600000,13.000000,12.000000
153.000000,120.800000,12.600000,11.400000
153.000000,120.600000,13.000000,12.000000
153.600000,121.200000,12.600000,11.400000
154.200000,121.600000,12.600000,11.400000
155.000000,122.600000,12.600000,11.400000
155.400000,123.200000,12.600000,11.400000
155.000000,122.800000,13.000000,12.000000
155.800000,124.000000,12.600000,11.400000
156.600000,125.400000,12.200000,11.200000
156.600000,125.400000,12.600000,11.400000
156.600000,125.400000,12.600000,11.400000
156.400000,125.200000,12.600000,11.400000
156.200000,124.800000,12.600000,11.400000
156.000000,124.800000,12.600000,11.400000
156.200000,125.800000,12.800000,11.800000
157.000000,126.800000,12.200000,11.200000
157.200000,127.400000,12.200000,11.200000
157.200000,127.600000,12.600000,11.400000
157.400000,128.200000,12.000000,11.000000
157.000000,127.600000,12.600000,11.400000
156.800000,127.200000,12.600000,11.400000
156.400000,127.000000,12.800000,11.800000
156.600000,127.000000,12.600000,11.400000
157.600000,128.600000,12.200000,11.200000
157.600000,129.000000,12.000000,11.000000
157.400000,128.800000,12.000000,11.000000
157.000000,128.400000,12.600000,11.400000
157.000000,128.200000,12.600000,11.400000
157.000000,128.200000,12.200000,11.200000
157.200000,128.200000,12.600000,11.400000
157.000000,128.200000,12.600000,11.400000
156.800000,127.800000,12.600000,11.400000
157.000000,128.200000,12.000000,11.000000
156.800000,128.400000,12.600000,11.400000
157.000000,128.400000,12.600000,11.400000
157.000000,128.200000,12.600000,11.400000
157.000000,128.200000,12.600000,11.400000
157.000000,128.400000,12.600000,11.400000
157.400000,129.200000,12.000000,11.000000
158.800000,132.000000,12.600000,11.400000
159.800000,133.400000,12.200000,11.200000
159.800000,133.200000,12.000000,11.000000
159.600000,132.800000,12.000000,11.000000
159.200000,132.400000,12.200000,11.200000
159.200000,132.000000,12.000000,11.000000
159.400000,132.000000,11.600000,10.600000
158.800000,131.400000,12.000000,11.000000
159.000000,131.200000,11.600000,10.600000
158.800000,130.800000,11.600000,10.600000
158.400000,130.600000,11.600000,10.600000
158.200000,130.400000,11.600000,10.600000
158.000000,130.000000,11.600000,10.600000
158.000000,130.200000,11.400000,10.400000
158.000000,129.600000,11.400000,10.400000
157.600000,129.400000,11.400000,10.400000
157.600000,129.400000,11.400000,10.400000
157.400000,129.000000,11.600000,10.600000
157.800000,129.400000,11.400000,10.400000
157.400000,129.400000,11.600000,10.600000
157.200000,129.200000,11.600000,10.600000
157.400000,129.200000,11.400000,10.400000
157.000000,128.800000,11.600000,10.600000
156.800000,128.400000,12.000000,11.000000
157.200000,128.600000,11.600000,10.600000
157.400000,128.800000,11.400000,10.400000
157.400000,129.000000,11.400000,10.400000
157.600000,129.200000,11.400000,10.400000
157.400000,129.000000,11.400000,10.400000
157.000000,128.800000,11.600000,10.600000
157.000000,128.600000,11.600000,10.600000
157.800000,129.200000,11.400000,10.400000
158.200000,130.000000,11.600000,10.600000
159.200000,131.800000,11.600000,10.600000
159.400000,132.000000,11.600000,10.600000
159.600000,132.200000,11.400000,10.400000
159.600000,132.000000,11.400000,10.400000
159.800000,132.400000,11.400000,10.400000
159.800000,132.400000,11.600000,10.600000
159.800000,132.600000,11.400000,10.400000
160.000000,132.600000,11.400000,10.400000
160.000000,132.600000,11.400000,10.400000
160.000000,132.200000,11.600000,10.600000
160.000000,132.400000,11.600000,10.600000
160.000000,132.400000,11.600000,10.600000
159.800000,132.400000,11.600000,10.600000
160.200000,132.200000,11.600000,10.600000
160.600000,132.200000,11.600000,10.600000
161.200000,132.000000,11.600000,10.600000
162.400000,132.000000,11.600000,10.600000
162.600000,131.800000,11.600000,10.600000
163.000000,131.400000,11.600000,10.600000
163.400000,131.200000,11.600000,10.600000
163.600000,131.400000,11.600000,10.600000
164.200000,131.400000,11.600000,10.600000
164.400000,131.600000,11.600000,10.600000
164.800000,132.000000,11.600000,10.600000
165.000000,132.200000,11.400000,10.400000
164.800000,132.000000,11.600000,10.600000
165.000000,132.200000,11.600000,10.600000
165.200000,132.400000,11.600000,10.600000
165.600000,132.600000,11.600000,10.600000
166.000000,133.000000,11.600000,10.600000
166.400000,133.600000,11.600000,10.600000
166.400000,133.800000,11.600000,10.600000
166.400000,133.800000,11.600000,10.600000
166.600000,133.800000,11.600000,10.600000
166.800000,134.000000,11.600000,10.600000
166.800000,134.400000,11.600000,10.600000
166.800000,134.200000,11.600000,10.600000
166.800000,134.200000,11.600000,10.600000
167.000000,134.200000,11.600000,10.600000
166.800000,134.000000,11.600000,10.600000
167.000000,134.000000,11.600000,10.600000
166.600000,134.000000,11.600000,10.600000
166.800000,133.800000,11.600000,10.600000
166.800000,134.000000,11.400000,10.400000
166.600000,133.800000,11.600000,10.600000
167.000000,134.200000,11.400000,10.400000
167.200000,134.200000,11.600000,10.600000
167.400000,134.200000,11.600000,10.600000
167.200000,134.000000,11.600000,10.600000
167.400000,134.200000,11.600000,10.600000
167.200000,134.400000,11.600000,10.600000
167.600000,135.000000,11.600000,10.600000
168.000000,135.400000,11.600000,10.600000
168.400000,135.600000,11.400000,10.400000
168.400000,135.600000,11.400000,10.400000
168.200000,135.600000,11.600000,10.600000
168.400000,135.800000,11.600000,10.600000
168.400000,135.600000,11.600000,10.600000
168.400000,135.600000,11.600000,10.600000
168.400000,135.800000,11.600000,10.600000
168.200000,135.600000,11.600000,10.600000
168.200000,135.600000,11.600000,10.600000
168.200000,135.600000,11.600000,10.600000
168.200000,135.800000,11.600000,10.600000
168.400000,136.000000,11.600000,10.600000
168.400000,135.800000,11.600000,10.600000
168.400000,135.800000,11.600000,10.600000
