261.600000,131.000000,8.600000,8.200000
257.600000,130.400000,8.800000,8.400000
256.400000,130.200000,8.400000,8.000000
255.000000,129.800000,8.600000,8.200000
254.000000,129.400000,8.600000,8.200000
252.600000,129.200000,8.800000,8.400000
251.800000,128.600000,8.800000,8.400000
251.200000,128.000000,8.600000,8.200000
250.600000,127.600000,8.600000,8.200000
249.800000,127.000000,8.400000,8.000000
247.200000,126.800000,8.600000,8.200000
246.400000,127.000000,8.400000,8.000000
245.600000,128.600000,8.200000,7.800000
243.400000,129.600000,8.200000,7.800000
241.600000,130.000000,8.600000,8.200000
241.200000,130.000000,8.600000,8.200000
240.400000,130.600000,8.400000,8.000000
239.400000,131.000000,8.400000,8.000000
238.000000,132.200000,8.200000,7.800000
237.200000,132.200000,8.200000,7.800000
236.200000,131.800000,8.200000,7.800000
235.800000,131.800000,8.000000,7.600000
235.400000,131.200000,8.200000,7.800000
235.600000,131.800000,8.000000,7.600000
235.200000,132.000000,7.600000,7.200000
234.200000,132.400000,7.600000,7.200000
233.800000,132.800000,7.800000,7.400000
234.400000,134.000000,8.000000,7.600000
234.400000,134.000000,8.200000,7.800000
234.600000,134.600000,8.000000,7.600000
234.400000,134.400000,7.600000,7.200000
234.200000,133.800000,8.000000,7.600000
234.000000,132.600000,8.200000,7.800000
233.800000,132.600000,8.200000,7.800000
233.600000,132.000000,8.000000,7.600000
231.800000,131.600000,8.000000,7.600000
231.200000,131.200000,7.600000,7.200000
231.200000,130.400000,8.000000,7.600000
230.800000,129.800000,8.200000,7.800000
230.200000,129.000000,8.400000,8.000000
230.400000,130.200000,7.000000,6.000000
230.200000,129.800000,7.000000,6.400000
229.600000,129.200000,7.000000,6.400000
229.400000,129.000000,7.200000,6.600000
229.400000,129.000000,7.200000,6.600000
229.200000,128.400000,7.400000,6.800000
229.400000,128.000000,7.200000,6.600000
229.600000,128.000000,7.200000,6.600000
229.600000,128.000000,7.200000,6.600000
232.000000,130.600000,7.400000,6.800000
231.600000,131.600000,7.400000,6.800000
230.200000,130.600000,7.400000,6.800000
230.200000,131.200000,7.400000,6.800000
230.000000,133.000000,7.400000,6.800000
229.000000,134.200000,7.000000,6.400000
226.400000,134.200000,7.000000,6.400000
226.200000,133.800000,7.200000,6.600000
224.400000,133.600000,7.000000,6.400000
223.800000,133.000000,7.200000,6.600000
223.400000,133.000000,7.200000,6.600000
222.800000,132.800000,7.200000,6.600000
222.400000,132.800000,7.000000,6.400000
221.600000,132.000000,7.200000,6.600000
221.200000,132.000000,7.200000,6.600000
220.600000,131.400000,7.000000,6.400000
220.400000,131.200000,7.000000,6.400000
220.400000,130.800000,7.400000,6.800000
220.800000,130.800000,7.200000,6.600000
220.600000,129.800000,7.400000,6.800000
221.200000,129.800000,7.200000,6.600000
219.000000,128.000000,7.200000,6.600000
219.200000,128.000000,7.200000,6.600000
219.400000,127.600000,7.400000,6.800000
219.400000,127.200000,7.200000,6.600000
219.200000,127.600000,7.400000,6.800000
219.400000,127.800000,7.000000,6.400000
219.200000,131.200000,7.000000,6.400000
219.600000,139.800000,7.000000,6.400000
219.400000,143.800000,7.200000,6.600000
219.200000,145.400000,7.200000,6.600000
218.600000,145.400000,7.200000,6.600000
218.400000,145.200000,7.000000,6.400000
218.000000,145.000000,7.200000,6.600000
218.200000,145.200000,7.000000,6.400000
218.000000,145.000000,7.200000,6.600000
218.400000,145.200000,7.000000,6.400000
218.800000,146.400000,6.600000,6.000000
218.800000,146.000000,7.000000,6.400000
219.000000,146.200000,7.000000,6.400000
219.400000,146.400000,6.800000,6.200000
219.600000,146.800000,6.600000,6.000000
219.600000,146.600000,6.600000,6.000000
219.400000,146.200000,7.000000,6.400000
219.600000,146.200000,6.800000,6.200000
219.800000,146.000000,6.800000,6.200000
220.000000,145.800000,6.600000,6.000000
220.000000,145.800000,6.600000,6.000000
220.200000,145.400000,6.600000,6.000000
220.200000,145.400000,6.800000,6.200000
220.400000,145.200000,6.600000,6.000000
220.800000,145.200000,6.400000,5.800000
221.000000,145.000000,6.200000,5.800000
221.200000,145.200000,6.000000,5.600000
221.400000,145.800000,6.200000,5.600000
221.600000,145.800000,6.200000,5.800000
222.200000,146.000000,6.200000,5.800000
222.000000,145.400000,6.400000,5.800000
222.000000,145.200000,6.400000,5.800000
222.200000,145.000000,6.400000,5.800000
222.400000,145.000000,6.200000,5.600000
222.400000,144.800000,6.400000,5.800000
222.400000,144.800000,6.200000,5.800000
222.600000,144.600000,6.200000,5.800000
222.800000,144.400000,6.000000,5.600000
222.600000,144.400000,5.800000,5.400000
223.200000,144.000000,6.000000,5.600000
223.000000,144.000000,6.000000,5.400000
222.400000,144.000000,6.000000,5.400000
222.600000,143.400000,6.000000,5.400000
221.800000,143.400000,6.200000,5.600000
221.000000,143.000000,6.400000,5.800000
220.400000,143.000000,6.200000,5.600000
219.800000,143.000000,6.200000,5.600000
219.400000,143.000000,6.000000,5.600000
219.400000,143.200000,5.800000,5.400000
218.800000,143.000000,6.000000,5.400000
218.600000,143.400000,5.600000,5.200000
218.400000,143.200000,6.000000,5.400000
218.200000,144.000000,6.000000,5.600000
217.600000,144.200000,6.000000,5.400000
217.400000,144.200000,6.000000,5.400000
217.200000,144.000000,6.000000,5.400000
216.800000,144.000000,6.000000,5.400000
216.600000,144.400000,5.600000,5.200000
216.400000,144.200000,6.000000,5.400000
215.800000,145.000000,6.200000,5.600000
215.800000,146.000000,6.000000,5.400000
216.000000,146.200000,5.800000,5.400000
215.800000,146.200000,6.000000,5.400000
215.800000,147.000000,5.600000,5.200000
216.000000,148.200000,5.800000,5.400000
216.000000,149.000000,5.600000,5.200000
216.000000,149.800000,5.400000,5.000000
216.000000,149.400000,5.600000,5.200000
212.000000,151.000000,5.800000,5.400000
214.000000,151.200000,5.600000,5.200000
213.400000,151.000000,5.600000,5.200000
213.600000,151.200000,5.800000,5.400000
214.000000,151.200000,6.000000,5.600000
214.200000,151.200000,6.000000,5.400000
214.400000,151.200000,6.000000,5.600000
214.200000,151.000000,6.200000,5.600000
214.400000,151.000000,6.000000,5.400000
214.600000,151.000000,5.600000,5.200000
214.600000,151.000000,5.400000,5.000000
214.200000,152.600000,5.400000,5.000000
214.400000,154.200000,5.400000,5.000000
214.600000,156.200000,5.400000,5.000000
214.400000,156.200000,5.600000,5.200000
214.400000,156.400000,5.400000,5.000000
214.200000,158.600000,5.400000,5.000000
212.600000,158.400000,5.600000,5.200000
205.400000,158.600000,5.400000,5.000000
207.200000,159.200000,5.400000,5.000000
207.200000,158.400000,5.200000,4.800000
207.200000,158.600000,5.200000,4.800000
208.000000,159.600000,5.000000,4.600000
207.000000,159.600000,5.000000,4.600000
206.400000,159.400000,5.200000,4.800000
206.000000,160.000000,5.200000,4.800000
205.200000,161.200000,5.200000,4.800000
205.600000,164.600000,5.400000,5.000000
205.000000,165.400000,5.400000,5.000000
203.600000,165.200000,5.400000,5.000000
202.400000,165.400000,5.200000,4.800000
201.400000,165.400000,5.000000,4.600000
200.200000,165.800000,5.000000,4.600000
199.200000,165.600000,5.200000,4.800000
198.600000,165.800000,5.200000,4.800000
198.200000,166.400000,5.400000,5.000000
198.600000,167.200000,5.400000,5.000000
199.000000,168.200000,5.200000,4.800000
199.000000,168.200000,5.200000,4.800000
199.000000,168.800000,5.400000,5.000000
199.600000,169.800000,5.400000,5.000000
199.400000,169.800000,5.400000,5.000000
199.400000,170.000000,5.600000,5.200000
199.400000,170.600000,5.800000,5.400000
199.200000,171.400000,5.600000,5.200000
200.000000,173.600000,5.400000,5.000000
200.400000,174.800000,5.200000,4.800000
200.200000,175.400000,5.200000,4.800000
200.600000,176.000000,5.200000,4.800000
200.200000,175.800000,5.400000,5.000000
200.400000,175.600000,5.600000,5.200000
200.000000,175.600000,5.400000,5.000000
