196.000000,81.600000,16.000000,20.000000
196.400000,81.600000,16.000000,20.000000
197.200000,80.800000,15.600000,19.600000
196.800000,78.000000,16.000000,20.000000
196.800000,76.600000,16.400000,20.400000
196.800000,75.000000,16.400000,20.400000
197.400000,72.400000,16.600000,20.800000
198.000000,71.000000,17.000000,21.200000
199.000000,71.600000,16.600000,20.800000
199.400000,71.200000,16.600000,20.800000
198.600000,68.000000,17.000000,21.200000
199.000000,66.400000,17.000000,21.200000
200.200000,67.000000,16.600000,20.800000
201.000000,65.000000,16.400000,20.400000
201.000000,63.600000,16.400000,20.400000
201.000000,62.800000,16.000000,20.000000
200.800000,61.800000,16.000000,20.000000
200.800000,60.800000,16.400000,20.400000
200.000000,58.200000,17.000000,21.200000
199.200000,55.400000,17.400000,21.600000
197.000000,50.800000,17.000000,21.200000
196.800000,49.000000,17.000000,21.200000
197.600000,48.400000,16.600000,20.800000
198.000000,46.600000,16.400000,20.400000
197.200000,44.800000,17.000000,21.200000
197.200000,45.000000,17.000000,21.200000
196.400000,44.400000,17.000000,21.200000
196.600000,44.400000,16.600000,20.800000
196.600000,43.600000,17.000000,21.200000
197.400000,45.000000,17.000000,21.200000
197.800000,45.400000,17.000000,21.200000
197.400000,43.600000,17.600000,22.000000
195.800000,37.600000,17.000000,21.200000
196.200000,38.800000,17.000000,21.200000
197.200000,40.400000,17.000000,21.200000
198.200000,42.200000,16.600000,20.800000
198.400000,43.400000,17.400000,21.600000
198.400000,44.400000,18.000000,22.600000
198.400000,44.800000,18.000000,22.600000
198.200000,45.400000,18.800000,23.400000
198.800000,47.000000,19.200000,24.000000
199.600000,48.800000,19.200000,24.000000
200.600000,50.800000,18.800000,23.400000
201.000000,52.400000,18.800000,23.400000
201.600000,53.800000,19.600000,24.400000
202.200000,54.800000,18.800000,23.400000
202.400000,55.200000,18.000000,22.600000
202.200000,55.400000,18.800000,23.400000
202.800000,56.600000,19.200000,24.000000
203.000000,56.800000,19.200000,24.000000
203.000000,55.000000,19.200000,24.000000
203.200000,54.200000,18.800000,23.400000
204.000000,55.600000,19.200000,24.000000
204.800000,57.400000,19.200000,24.000000
205.400000,59.000000,18.800000,23.400000
205.400000,58.800000,19.600000,24.400000
205.600000,59.400000,19.600000,24.400000
206.400000,60.600000,18.800000,23.400000
207.400000,62.600000,18.800000,23.400000
207.800000,64.000000,19.200000,24.000000
208.600000,66.400000,18.800000,23.400000
208.600000,66.200000,19.600000,24.400000
209.200000,67.200000,19.600000,24.400000
209.800000,68.800000,19.600000,24.400000
209.400000,68.800000,19.200000,24.000000
208.600000,68.200000,19.800000,24.800000
207.800000,69.200000,20.200000,25.400000
208.000000,71.000000,21.200000,26.400000
208.000000,72.800000,21.600000,27.000000
208.200000,74.200000,22.000000,27.400000
208.600000,75.600000,21.200000,26.400000
208.800000,77.000000,21.200000,26.400000
209.200000,78.200000,22.000000,27.400000
209.200000,78.800000,22.800000,28.600000
210.200000,80.400000,22.000000,27.400000
210.400000,81.000000,22.800000,28.600000
210.800000,81.200000,22.000000,27.400000
211.400000,82.000000,22.000000,27.400000
212.000000,83.600000,22.800000,28.600000
212.800000,85.400000,22.800000,28.600000
215.200000,85.800000,20.000000,29.000000
215.600000,87.800000,19.400000,30.400000
216.000000,88.400000,17.600000,28.400000
216.600000,89.800000,17.200000,28.600000
217.000000,91.000000,16.800000,29.200000
215.200000,92.000000,15.600000,27.800000
219.800000,92.200000,16.800000,29.800000
223.200000,96.800000,14.400000,27.600000
220.400000,97.200000,16.600000,29.200000
221.800000,102.000000,15.600000,26.800000
220.800000,103.600000,16.600000,26.600000
221.400000,101.200000,16.200000,27.600000
219.800000,101.200000,18.200000,29.000000
220.800000,101.000000,18.600000,32.400000
221.400000,102.600000,19.400000,29.400000
222.200000,106.000000,16.800000,26.600000
225.200000,109.200000,16.200000,25.800000
225.600000,111.600000,18.200000,27.200000
224.200000,113.000000,18.400000,25.800000
227.600000,115.000000,20.000000,35.200000
229.800000,116.000000,19.200000,34.200000
231.400000,119.800000,16.600000,31.400000
229.400000,115.800000,18.600000,34.400000
229.800000,117.400000,19.600000,34.600000
231.800000,120.600000,20.000000,34.400000
230.400000,123.000000,22.800000,36.200000
232.600000,125.400000,21.200000,35.600000
233.600000,127.800000,22.400000,35.600000
232.800000,129.800000,22.800000,34.200000
232.800000,130.200000,22.400000,36.200000
230.200000,130.600000,26.800000,37.800000
231.400000,131.600000,25.600000,35.800000
231.800000,131.200000,24.600000,37.200000
232.200000,132.200000,24.800000,38.400000
233.200000,134.800000,24.400000,37.800000
233.200000,133.600000,26.200000,38.600000
232.600000,133.000000,25.400000,36.600000
233.800000,131.600000,26.600000,38.600000
236.400000,132.600000,26.200000,37.600000
237.000000,131.200000,25.800000,36.200000
239.800000,130.600000,24.400000,36.200000
242.200000,131.200000,24.200000,38.600000
242.800000,132.200000,25.600000,40.000000
244.600000,133.000000,24.800000,40.400000
245.600000,131.200000,25.800000,41.800000
244.600000,130.600000,26.800000,41.400000
246.000000,131.000000,27.200000,40.200000
247.600000,132.000000,27.000000,40.000000
250.200000,135.400000,27.200000,39.600000
253.200000,137.200000,27.200000,42.000000
257.000000,139.200000,24.800000,41.800000
258.000000,141.200000,27.200000,42.200000
261.200000,143.000000,26.200000,41.800000
265.000000,141.600000,23.800000,40.600000
265.200000,135.800000,24.200000,44.000000
266.000000,134.400000,24.800000,45.400000
265.000000,125.000000,26.800000,50.800000
265.200000,122.000000,27.000000,46.800000
265.600000,124.800000,28.200000,46.400000
265.600000,124.800000,30.000000,47.400000
268.000000,123.000000,28.600000,46.600000
267.000000,125.400000,31.400000,45.800000
269.400000,124.000000,30.400000,48.600000
268.800000,123.000000,32.600000,48.600000
271.200000,123.000000,32.600000,49.000000
272.600000,123.000000,32.600000,48.200000
274.600000,119.200000,32.400000,49.200000
278.000000,115.800000,31.000000,49.000000
277.600000,111.200000,31.800000,50.800000
277.000000,105.800000,31.800000,51.600000
275.600000,98.800000,31.400000,51.000000
278.000000,101.000000,31.000000,50.600000
278.400000,102.000000,32.800000,52.000000
278.000000,105.800000,35.200000,50.200000
280.200000,108.400000,34.000000,52.800000
281.800000,107.400000,33.200000,53.800000
282.800000,109.200000,33.600000,55.800000
285.000000,113.400000,34.000000,56.200000
286.600000,115.800000,34.600000,54.800000
287.600000,111.200000,33.600000,57.000000
287.000000,106.000000,34.800000,55.600000
288.400000,107.200000,35.200000,55.000000
289.800000,100.200000,34.000000,59.400000
293.600000,101.000000,35.400000,58.600000
297.400000,107.400000,36.200000,56.000000
299.000000,113.400000,34.800000,58.800000
301.800000,115.800000,33.800000,58.600000
305.000000,116.400000,34.000000,58.600000
306.600000,107.800000,34.800000,67.000000
306.000000,106.000000,35.200000,60.000000
307.600000,96.800000,34.200000,60.000000
309.000000,86.400000,36.200000,64.800000
312.800000,81.600000,33.800000,61.400000
317.600000,81.600000,33.800000,63.200000
319.400000,79.600000,36.200000,63.800000
320.200000,82.000000,36.400000,65.200000
321.400000,86.400000,37.600000,63.400000
323.800000,82.200000,36.600000,68.400000
323.200000,78.800000,37.000000,68.000000
323.600000,85.000000,39.200000,66.600000
323.600000,74.400000,36.600000,67.600000
320.400000,74.000000,39.000000,69.400000
320.400000,81.000000,40.000000,67.800000
323.800000,81.600000,38.800000,69.600000
319.800000,73.000000,40.000000,68.600000
319.000000,73.400000,41.200000,71.600000
318.000000,68.800000,39.400000,71.800000
317.600000,68.400000,39.400000,72.600000
319.400000,79.200000,39.400000,75.600000
321.400000,93.000000,39.000000,75.200000
324.200000,107.200000,38.600000,76.200000
328.400000,117.800000,38.200000,75.200000
330.200000,132.000000,41.200000,77.200000
333.200000,146.400000,41.400000,69.600000
337.000000,158.800000,39.800000,57.200000
340.800000,170.600000,36.400000,45.400000
344.600000,185.800000,31.400000,30.200000
346.000000,200.600000,30.000000,15.400000
