162.200000,113.400000,5.600000,17.200000
162.800000,113.000000,5.800000,17.600000
163.000000,113.600000,5.800000,17.800000
164.200000,113.600000,5.800000,17.800000
163.400000,114.000000,5.800000,17.800000
163.000000,113.400000,6.000000,18.200000
164.200000,112.800000,6.000000,18.600000
164.200000,112.400000,6.000000,18.600000
164.000000,113.000000,6.000000,18.600000
164.000000,112.800000,6.400000,19.400000
164.600000,113.000000,6.200000,19.000000
165.000000,112.800000,6.200000,19.000000
164.800000,112.400000,6.400000,19.800000
165.000000,112.200000,6.400000,19.800000
166.000000,112.200000,6.200000,19.000000
166.000000,112.000000,6.200000,19.000000
166.400000,111.600000,6.400000,19.400000
166.600000,111.600000,6.400000,19.800000
166.800000,111.600000,6.200000,19.000000
167.000000,111.400000,6.000000,18.600000
167.600000,111.200000,6.400000,19.400000
167.800000,111.200000,6.000000,18.600000
168.400000,111.200000,6.200000,19.000000
168.600000,111.000000,6.000000,18.600000
168.800000,110.600000,6.400000,19.400000
169.600000,110.600000,6.400000,19.800000
170.600000,110.800000,6.400000,19.400000
170.400000,110.400000,6.000000,18.600000
170.000000,110.600000,6.000000,18.600000
170.400000,111.200000,6.000000,18.200000
170.800000,111.000000,6.200000,19.000000
171.200000,110.600000,6.400000,19.400000
172.000000,110.600000,6.200000,19.000000
172.200000,110.400000,6.000000,18.600000
172.600000,110.400000,6.000000,18.600000
173.000000,110.800000,6.000000,18.600000
173.800000,110.400000,6.000000,18.600000
174.000000,110.200000,6.400000,19.400000
174.000000,110.600000,6.400000,19.800000
174.200000,111.200000,6.400000,19.400000
175.000000,111.000000,6.600000,20.200000
176.400000,110.400000,6.400000,19.400000
176.200000,110.800000,6.000000,18.600000
177.400000,110.800000,6.000000,18.600000
177.400000,110.600000,6.000000,18.600000
177.800000,110.400000,6.200000,19.000000
177.800000,110.400000,6.400000,19.800000
178.400000,110.200000,6.400000,19.400000
178.800000,110.400000,6.400000,19.400000
179.200000,110.600000,6.000000,18.600000
179.800000,110.600000,5.800000,17.800000
180.400000,110.600000,5.800000,17.800000
180.800000,111.200000,5.800000,17.800000
181.400000,110.800000,6.000000,18.200000
181.600000,110.000000,6.200000,19.000000
182.000000,110.400000,6.200000,19.000000
182.200000,109.800000,6.400000,19.800000
182.800000,110.000000,6.200000,19.000000
183.200000,109.800000,6.000000,18.200000
183.600000,109.800000,5.800000,17.800000
184.000000,109.800000,5.800000,17.800000
184.400000,109.600000,6.000000,18.600000
185.000000,109.800000,5.800000,17.800000
185.400000,109.400000,6.000000,18.600000
185.600000,109.000000,6.400000,19.400000
186.200000,109.000000,6.400000,19.400000
186.600000,109.000000,6.000000,18.600000
187.000000,109.000000,6.000000,18.600000
187.400000,108.800000,6.000000,18.600000
187.600000,108.600000,6.000000,18.600000
188.400000,108.600000,6.200000,19.000000
188.800000,108.400000,6.000000,18.600000
189.400000,108.600000,5.800000,17.800000
189.600000,108.400000,6.000000,18.200000
190.000000,108.200000,6.200000,19.000000
190.000000,107.800000,6.400000,19.400000
190.600000,107.600000,6.400000,19.800000
191.200000,107.800000,6.400000,19.800000
191.600000,107.600000,6.600000,20.600000
191.400000,107.200000,6.600000,20.200000
