228.200000,178.600000,9.400000,7.400000
227.800000,177.800000,9.800000,7.600000
227.200000,177.200000,9.600000,7.600000
227.000000,176.600000,9.600000,7.600000
226.400000,175.600000,10.000000,7.800000
226.000000,175.200000,9.600000,7.600000
225.800000,174.600000,9.600000,7.600000
225.000000,173.600000,10.000000,7.800000
224.800000,173.000000,10.200000,8.000000
224.400000,172.400000,10.000000,7.800000
224.000000,172.000000,9.800000,7.600000
223.800000,171.400000,9.400000,7.400000
223.200000,170.600000,9.600000,7.600000
222.800000,170.000000,9.800000,7.600000
222.400000,169.400000,9.400000,7.400000
222.000000,168.600000,9.600000,7.600000
221.600000,168.200000,9.400000,7.400000
221.200000,167.600000,9.400000,7.400000
220.800000,166.800000,9.600000,7.600000
220.400000,166.200000,10.000000,7.800000
220.000000,165.600000,9.600000,7.600000
219.400000,164.800000,10.000000,7.800000
219.200000,164.600000,9.600000,7.600000
218.600000,163.600000,10.000000,7.800000
218.400000,163.400000,9.600000,7.600000
218.000000,162.600000,9.600000,7.600000
217.600000,162.200000,9.600000,7.600000
217.200000,161.600000,9.200000,7.200000
217.000000,161.000000,9.400000,7.400000
216.800000,160.600000,9.000000,7.200000
216.200000,159.800000,9.400000,7.400000
215.800000,159.200000,9.600000,7.600000
215.400000,158.600000,9.400000,7.400000
215.200000,158.200000,9.600000,7.600000
214.800000,157.600000,9.200000,7.200000
214.400000,157.200000,8.800000,7.000000
214.200000,156.600000,9.200000,7.200000
213.800000,156.200000,9.000000,7.200000
213.400000,155.400000,9.400000,7.400000
213.000000,155.000000,9.000000,7.200000
213.000000,154.800000,8.600000,6.800000
212.400000,153.800000,9.000000,7.200000
212.000000,153.200000,9.400000,7.400000
211.600000,152.800000,9.000000,7.200000
211.200000,152.200000,9.400000,7.400000
211.000000,151.600000,9.200000,7.200000
210.600000,151.200000,8.800000,7.000000
210.400000,150.800000,8.800000,7.000000
210.000000,150.200000,8.600000,6.800000
209.800000,149.600000,9.000000,7.200000
209.200000,149.000000,9.000000,7.200000
209.000000,148.600000,9.000000,7.200000
208.600000,148.000000,8.800000,7.000000
208.200000,147.400000,9.200000,7.200000
207.800000,147.000000,9.000000,7.200000
207.600000,146.400000,9.400000,7.400000
207.200000,146.000000,9.000000,7.200000
207.000000,145.600000,9.000000,7.200000
206.600000,145.000000,9.000000,7.200000
206.200000,144.400000,9.400000,7.400000
205.800000,144.000000,9.000000,7.200000
205.600000,143.400000,9.200000,7.200000
205.200000,143.200000,8.800000,7.000000
205.000000,142.600000,9.000000,7.200000
204.800000,142.200000,8.800000,7.000000
204.400000,141.600000,9.200000,7.200000
204.200000,141.400000,8.800000,7.000000
203.600000,140.600000,9.200000,7.200000
203.400000,140.400000,9.000000,7.200000
203.400000,140.000000,8.600000,6.800000
202.800000,139.400000,9.000000,7.200000
202.600000,139.000000,8.800000,7.000000
202.800000,138.600000,8.600000,6.800000
203.000000,138.200000,8.600000,6.800000
201.600000,138.000000,9.000000,7.200000
201.400000,137.400000,9.000000,7.200000
200.800000,136.800000,9.200000,7.200000
200.600000,136.200000,9.600000,7.600000
200.400000,136.000000,9.600000,7.600000
200.200000,135.600000,9.600000,7.600000
200.000000,135.400000,9.400000,7.400000
199.800000,135.200000,9.000000,7.200000
199.800000,134.800000,8.800000,7.000000
199.400000,134.600000,8.600000,6.800000
199.200000,134.200000,8.600000,6.800000
199.400000,134.000000,8.400000,6.600000
199.200000,133.600000,8.400000,6.600000
198.600000,132.800000,8.600000,6.800000
198.200000,132.600000,8.600000,6.800000
198.200000,132.400000,8.400000,6.600000
197.800000,131.600000,8.600000,6.800000
197.600000,131.600000,8.400000,6.600000
197.200000,131.000000,8.600000,6.800000
197.400000,131.000000,8.200000,6.400000
196.800000,130.200000,8.600000,6.800000
196.600000,130.200000,8.400000,6.600000
196.200000,129.400000,8.600000,6.800000
196.000000,129.200000,8.600000,6.800000
196.000000,128.800000,8.600000,6.800000
195.800000,128.600000,8.400000,6.600000
195.200000,128.000000,8.600000,6.800000
195.400000,128.000000,8.200000,6.400000
194.800000,127.200000,8.600000,6.800000
194.800000,127.000000,8.400000,6.600000
194.200000,126.400000,8.600000,6.800000
194.400000,126.400000,8.400000,6.600000
194.000000,125.800000,8.600000,6.800000
193.800000,125.600000,8.400000,6.600000
193.600000,125.400000,8.000000,6.400000
193.400000,125.000000,8.400000,6.600000
193.200000,124.600000,8.400000,6.600000
192.800000,124.000000,8.600000,6.800000
192.600000,123.800000,8.400000,6.600000
192.200000,123.400000,8.600000,6.800000
192.000000,123.000000,8.600000,6.800000
192.000000,123.000000,8.200000,6.400000
191.600000,122.400000,8.600000,6.800000
191.200000,121.800000,8.800000,7.000000
191.200000,121.600000,8.600000,6.800000
191.200000,121.600000,8.400000,6.600000
190.800000,121.000000,8.600000,6.800000
190.600000,120.800000,8.400000,6.600000
190.400000,120.600000,8.000000,6.400000
190.200000,120.400000,8.000000,6.400000
190.000000,120.000000,8.000000,6.400000
189.800000,119.600000,7.800000,6.200000
189.600000,119.400000,8.000000,6.400000
189.400000,119.000000,8.400000,6.600000
189.200000,118.600000,8.000000,6.400000
189.000000,118.400000,8.200000,6.400000
188.600000,118.000000,8.600000,6.800000
188.600000,117.800000,8.200000,6.400000
188.200000,117.200000,8.600000,6.800000
188.000000,116.800000,8.600000,6.800000
188.000000,116.800000,8.400000,6.600000
187.600000,116.200000,8.600000,6.800000
187.400000,116.000000,8.600000,6.800000
187.400000,115.800000,8.400000,6.600000
187.000000,115.400000,8.600000,6.800000
186.800000,115.200000,8.600000,6.800000
186.800000,115.000000,8.200000,6.400000
186.600000,114.600000,8.000000,6.400000
186.400000,114.400000,8.400000,6.600000
186.200000,113.800000,8.600000,6.800000
186.200000,113.800000,8.400000,6.600000
186.000000,113.600000,8.000000,6.400000
185.800000,113.200000,8.000000,6.400000
185.400000,112.800000,8.200000,6.400000
185.400000,112.800000,7.800000,6.200000
185.200000,112.400000,7.800000,6.200000
185.000000,112.000000,8.200000,6.400000
185.000000,111.800000,7.800000,6.200000
184.600000,111.600000,8.000000,6.400000
184.600000,111.400000,8.200000,6.400000
184.400000,111.000000,8.200000,6.400000
184.200000,110.800000,8.200000,6.400000
184.000000,110.600000,7.800000,6.200000
184.000000,110.200000,8.200000,6.400000
183.800000,109.800000,8.000000,6.400000
183.600000,109.600000,8.000000,6.400000
183.400000,109.600000,7.800000,6.200000
183.400000,109.200000,8.000000,6.400000
183.200000,109.000000,7.800000,6.200000
183.200000,108.800000,7.600000,6.000000
183.000000,108.600000,7.800000,6.000000
182.600000,108.000000,8.000000,6.400000
182.400000,107.800000,8.200000,6.400000
182.200000,107.400000,8.000000,6.400000
182.200000,107.200000,8.000000,6.400000
182.000000,106.800000,8.200000,6.400000
181.600000,106.400000,8.600000,6.800000
181.200000,106.000000,8.800000,7.000000
181.200000,105.800000,8.600000,6.800000
181.200000,105.800000,8.400000,6.600000
181.000000,105.600000,8.000000,6.400000
181.000000,105.400000,7.800000,6.200000
180.600000,105.000000,8.000000,6.400000
180.400000,104.800000,8.200000,6.400000
180.200000,104.600000,7.800000,6.200000
180.200000,104.400000,7.800000,6.200000
180.000000,104.000000,8.200000,6.400000
179.600000,103.400000,8.600000,6.800000
179.400000,103.400000,8.200000,6.400000
179.200000,103.000000,8.600000,6.800000
179.200000,103.000000,8.200000,6.400000
179.000000,102.800000,7.800000,6.200000
178.800000,102.600000,7.800000,6.200000
178.600000,102.400000,8.000000,6.400000
178.600000,102.000000,8.200000,6.400000
178.400000,101.800000,8.000000,6.400000
178.200000,101.600000,7.800000,6.200000
178.000000,101.400000,7.800000,6.200000
178.000000,101.200000,7.600000,6.000000
177.800000,101.000000,7.800000,6.000000
177.600000,100.800000,7.600000,6.000000
177.400000,100.400000,7.800000,6.200000
177.400000,100.400000,7.600000,6.000000
177.200000,100.000000,7.800000,6.200000
176.800000,99.800000,8.200000,6.400000
176.600000,99.400000,8.000000,6.400000
176.800000,99.400000,7.800000,6.000000
176.600000,99.200000,7.800000,6.000000
176.400000,99.000000,7.600000,6.000000
176.200000,98.800000,7.800000,6.200000
176.000000,98.400000,8.200000,6.400000
175.800000,98.200000,8.000000,6.400000
175.800000,98.200000,7.800000,6.000000
175.800000,98.000000,7.800000,6.000000
175.400000,97.600000,7.800000,6.200000
175.200000,97.400000,7.800000,6.200000
175.200000,97.400000,7.800000,6.000000
175.200000,97.200000,7.600000,6.000000
175.200000,97.000000,7.600000,6.000000
175.000000,96.800000,7.800000,6.000000
174.800000,96.600000,8.000000,6.400000
174.800000,96.600000,7.800000,6.000000
174.800000,96.400000,7.800000,6.000000
174.400000,96.000000,7.800000,6.200000
174.400000,96.000000,7.600000,6.000000
174.400000,96.000000,7.800000,6.000000
174.200000,95.600000,7.800000,6.200000
174.000000,95.600000,7.800000,6.200000
174.000000,95.400000,7.800000,6.200000
174.000000,95.200000,7.600000,6.000000
174.000000,95.200000,7.800000,6.000000
173.600000,94.800000,7.800000,6.200000
173.800000,95.000000,7.800000,6.000000
173.400000,94.600000,8.000000,6.400000
173.400000,94.800000,7.800000,6.000000
173.400000,94.600000,7.600000,6.000000
173.400000,94.600000,7.600000,6.000000
173.400000,94.400000,7.600000,6.000000
173.200000,94.200000,7.800000,6.200000
173.200000,94.000000,7.800000,6.200000
173.200000,94.000000,7.600000,6.000000
173.200000,94.000000,7.400000,5.800000
173.000000,94.000000,7.800000,6.000000
173.000000,93.800000,7.600000,6.000000
172.800000,93.800000,7.600000,6.000000
173.000000,93.800000,7.400000,5.800000
172.800000,93.800000,7.400000,5.800000
173.000000,93.600000,7.200000,5.600000
172.800000,93.600000,7.200000,5.800000
172.600000,93.200000,7.600000,6.000000
172.600000,93.200000,7.800000,6.000000
172.600000,93.200000,7.400000,5.800000
172.400000,93.000000,7.600000,6.000000
172.600000,93.200000,7.400000,5.800000
172.400000,93.000000,7.600000,6.000000
172.600000,93.200000,7.200000,5.800000
172.400000,92.800000,7.600000,6.000000
172.400000,93.000000,7.400000,5.800000
172.400000,92.800000,7.600000,6.000000
172.600000,93.000000,7.400000,5.800000
172.400000,92.800000,7.600000,6.000000
172.200000,92.600000,7.800000,6.200000
172.200000,92.800000,7.800000,6.000000
172.200000,92.800000,7.600000,6.000000
172.400000,93.000000,7.400000,5.800000
172.400000,93.000000,7.200000,5.600000
172.400000,93.000000,7.400000,5.800000
172.400000,93.000000,7.200000,5.600000
172.400000,93.000000,7.200000,5.600000
172.400000,93.000000,7.400000,5.800000
172.400000,93.000000,7.200000,5.600000
172.400000,93.000000,7.400000,5.800000
172.200000,92.800000,7.600000,6.000000
172.400000,93.000000,7.400000,5.800000
172.400000,93.000000,7.200000,5.600000
172.400000,93.000000,7.200000,5.600000
172.400000,93.000000,7.400000,5.800000
172.400000,93.000000,7.200000,5.600000
172.400000,93.000000,7.400000,5.800000
172.400000,93.000000,7.200000,5.600000
172.400000,93.000000,7.400000,5.800000
172.400000,93.000000,7.200000,5.600000
172.400000,93.000000,7.400000,5.800000
172.400000,93.000000,7.200000,5.600000
172.400000,93.000000,7.400000,5.800000
172.400000,93.000000,7.200000,5.600000
172.400000,93.000000,7.200000,5.600000
172.400000,93.000000,7.200000,5.800000
172.400000,93.000000,7.200000,5.600000
172.400000,93.000000,7.400000,5.800000
172.400000,93.000000,7.200000,5.600000
172.400000,93.000000,7.200000,5.600000
172.400000,93.000000,7.400000,5.800000
172.200000,92.800000,7.600000,6.000000
172.200000,92.800000,7.600000,6.000000
172.400000,93.000000,7.400000,5.800000
172.400000,93.000000,7.200000,5.600000
172.400000,93.000000,7.200000,5.600000
172.400000,93.000000,7.400000,5.800000
172.400000,93.000000,7.200000,5.600000
172.400000,93.000000,7.400000,5.800000
172.400000,93.000000,7.200000,5.600000
172.400000,93.000000,7.400000,5.800000
172.400000,93.000000,7.200000,5.600000
172.400000,93.000000,7.200000,5.600000
