129.000000,110.200000,13.600000,21.000000
130.400000,111.000000,13.600000,21.000000
135.400000,110.600000,13.800000,21.400000
136.200000,109.000000,14.400000,22.200000
139.200000,108.000000,15.000000,23.200000
142.200000,108.000000,14.400000,22.200000
143.800000,106.600000,14.400000,22.200000
146.600000,106.200000,14.200000,21.800000
147.600000,101.200000,13.600000,21.000000
149.600000,97.000000,14.200000,21.800000
152.200000,95.200000,13.600000,21.000000
153.800000,91.400000,14.200000,21.800000
156.800000,88.800000,13.800000,21.400000
159.400000,85.800000,13.400000,20.600000
163.200000,83.000000,13.000000,20.200000
165.200000,78.800000,13.000000,20.200000
166.200000,70.600000,13.600000,21.000000
166.600000,62.000000,13.000000,20.200000
167.800000,56.600000,13.400000,20.600000
168.400000,49.400000,13.800000,21.400000
170.400000,47.200000,13.600000,21.000000
172.000000,46.400000,13.800000,21.400000
173.600000,45.600000,13.600000,21.000000
175.800000,45.400000,13.800000,21.400000
178.000000,45.800000,13.600000,21.000000
179.400000,45.400000,13.600000,21.000000
181.600000,45.200000,13.600000,21.000000
183.000000,45.200000,13.600000,21.000000
185.600000,46.400000,13.400000,20.600000
186.600000,45.800000,13.600000,21.000000
189.000000,45.600000,13.400000,20.600000
191.000000,45.200000,13.600000,21.000000
192.400000,44.800000,13.600000,21.000000
194.800000,44.800000,13.400000,20.600000
196.800000,44.600000,13.000000,20.200000
198.600000,45.400000,12.600000,19.400000
199.000000,48.200000,13.000000,20.200000
199.000000,48.800000,13.600000,21.000000
199.600000,48.200000,13.000000,20.200000
202.200000,48.000000,12.600000,19.400000
202.200000,47.200000,13.000000,20.200000
203.400000,46.800000,13.600000,21.000000
205.200000,46.000000,13.800000,21.400000
206.600000,45.400000,13.600000,21.000000
208.200000,45.000000,13.000000,20.200000
209.200000,44.400000,13.400000,20.600000
210.400000,43.800000,13.600000,21.000000
212.400000,44.000000,13.400000,20.600000
213.800000,43.600000,13.600000,21.000000
216.000000,44.200000,13.400000,20.600000
217.800000,43.800000,13.000000,20.200000
220.200000,44.000000,12.800000,19.800000
222.400000,45.000000,12.600000,19.400000
223.800000,45.000000,13.000000,20.200000
225.600000,45.400000,12.800000,19.800000
226.800000,45.000000,13.400000,20.600000
228.600000,44.200000,13.800000,21.400000
230.400000,44.800000,14.200000,21.800000
232.200000,44.400000,13.600000,21.000000
233.600000,44.600000,13.400000,20.600000
234.400000,44.000000,13.600000,21.000000
235.400000,43.800000,13.800000,21.400000
236.200000,43.600000,13.800000,21.400000
237.000000,42.800000,13.600000,21.000000
238.000000,43.000000,13.000000,20.200000
238.600000,42.200000,13.600000,21.000000
239.400000,41.800000,13.600000,21.000000
240.000000,42.600000,13.400000,20.600000
240.400000,42.800000,13.600000,21.000000
240.800000,43.000000,13.600000,21.000000
242.000000,46.000000,13.000000,20.200000
242.400000,47.000000,13.400000,20.600000
243.000000,48.400000,13.000000,20.200000
243.400000,49.800000,12.800000,19.800000
243.800000,50.800000,12.600000,19.400000
