176.200000,91.400000,6.400000,11.600000
179.600000,91.600000,6.400000,11.600000
183.200000,91.200000,6.600000,12.000000
186.400000,91.600000,6.400000,11.600000
189.000000,91.400000,6.400000,11.600000
191.400000,92.400000,6.600000,12.000000
194.400000,93.200000,6.400000,11.600000
196.800000,94.000000,6.600000,11.800000
198.800000,93.400000,6.400000,11.600000
201.000000,94.800000,6.200000,11.200000
202.600000,94.600000,6.400000,11.600000
204.200000,95.600000,6.400000,11.600000
206.600000,96.400000,6.400000,11.600000
208.000000,96.400000,6.400000,11.600000
209.600000,97.200000,6.400000,11.600000
211.000000,97.400000,6.400000,11.600000
212.400000,97.200000,6.400000,11.600000
214.400000,97.600000,6.400000,11.600000
216.000000,97.800000,6.400000,11.600000
218.400000,98.400000,6.600000,11.800000
220.000000,98.200000,6.400000,11.600000
221.800000,98.200000,6.400000,11.600000
223.000000,97.400000,6.400000,11.600000
224.400000,96.600000,6.400000,11.600000
226.400000,97.000000,6.400000,11.600000
228.000000,98.600000,6.200000,11.200000
228.600000,98.400000,6.400000,11.600000
229.400000,97.600000,6.400000,11.600000
231.000000,98.200000,6.400000,11.600000
232.800000,98.800000,6.400000,11.600000
234.800000,99.400000,6.600000,11.800000
236.400000,100.600000,6.400000,11.600000
238.200000,101.000000,6.400000,11.600000
239.800000,102.400000,6.400000,11.600000
242.000000,103.400000,6.400000,11.600000
243.800000,103.600000,6.400000,11.600000
245.600000,105.000000,6.600000,12.000000
247.000000,105.800000,7.000000,12.600000
248.200000,106.200000,7.200000,13.000000
250.200000,107.400000,7.000000,12.600000
252.600000,108.000000,6.800000,12.400000
254.200000,109.600000,6.800000,12.400000
256.000000,110.000000,6.800000,12.400000
257.000000,111.600000,7.000000,12.600000
258.800000,112.600000,7.000000,12.600000
260.000000,113.200000,6.800000,12.400000
260.800000,114.200000,7.000000,12.600000
261.800000,115.400000,7.000000,12.600000
262.400000,115.800000,7.200000,13.000000
263.400000,116.800000,7.200000,13.000000
263.800000,115.000000,7.400000,13.600000
264.800000,116.600000,7.400000,13.400000
265.400000,118.000000,7.200000,13.000000
265.400000,118.400000,7.400000,13.400000
266.400000,119.400000,7.600000,13.800000
266.600000,120.000000,7.600000,13.800000
267.000000,119.800000,7.800000,14.200000
267.200000,120.000000,7.800000,14.200000
267.000000,122.200000,7.800000,14.200000
266.800000,122.400000,8.200000,14.800000
266.600000,122.800000,8.200000,14.800000
266.200000,123.800000,8.200000,14.800000
266.000000,124.200000,8.200000,14.800000
265.200000,125.800000,7.800000,14.200000
264.000000,126.800000,8.000000,14.400000
263.800000,127.200000,8.000000,14.400000
262.600000,128.000000,8.200000,14.800000
261.400000,128.800000,8.200000,14.800000
260.600000,129.400000,8.200000,14.800000
258.800000,129.000000,8.400000,15.400000
257.600000,128.600000,8.600000,15.600000
255.600000,129.400000,8.800000,16.000000
254.600000,129.800000,8.400000,15.400000
252.600000,132.200000,8.200000,15.000000
250.600000,132.600000,8.200000,14.800000
248.600000,132.600000,8.400000,15.400000
247.000000,133.600000,8.200000,14.800000
245.400000,133.400000,7.800000,14.200000
243.800000,134.000000,7.800000,14.200000
241.200000,134.200000,8.200000,14.800000
239.600000,135.000000,7.800000,14.200000
238.000000,137.000000,7.400000,13.600000
237.000000,137.200000,7.800000,14.200000
235.600000,138.000000,7.600000,13.800000
235.200000,138.000000,7.400000,13.600000
234.400000,138.600000,7.800000,14.200000
233.400000,140.400000,7.400000,13.600000
233.000000,141.200000,7.400000,13.400000
232.400000,141.800000,7.200000,13.000000
231.200000,142.800000,7.000000,12.600000
230.400000,143.400000,7.200000,13.000000
229.600000,145.000000,7.000000,12.600000
228.400000,146.200000,7.000000,12.800000
227.400000,147.600000,6.800000,12.400000
226.800000,148.200000,7.000000,12.800000
226.000000,149.200000,7.000000,12.600000
225.200000,149.600000,7.000000,12.800000
224.000000,150.800000,7.000000,12.600000
225.600000,151.800000,4.200000,7.400000
224.600000,152.000000,4.800000,7.400000
