136.000000,135.400000,13.400000,32.800000
135.200000,137.000000,13.400000,32.800000
133.200000,137.200000,13.200000,32.200000
132.600000,138.200000,13.200000,32.200000
131.800000,138.200000,13.400000,32.800000
132.600000,141.000000,12.800000,31.600000
131.800000,140.800000,13.200000,32.200000
131.200000,142.000000,12.800000,31.600000
129.600000,141.200000,13.400000,32.800000
129.800000,141.800000,13.400000,32.800000
129.800000,142.800000,12.800000,31.600000
131.200000,144.200000,12.800000,31.600000
130.400000,144.200000,13.200000,32.200000
129.200000,144.200000,13.400000,32.800000
128.600000,143.800000,13.200000,32.200000
130.200000,146.000000,12.600000,31.000000
129.200000,144.600000,13.200000,32.200000
129.000000,144.600000,13.400000,32.800000
128.400000,145.000000,13.200000,32.200000
127.800000,145.200000,13.200000,32.200000
127.800000,145.800000,12.600000,31.000000
127.800000,146.200000,12.400000,30.400000
128.000000,146.800000,12.200000,29.800000
126.800000,147.200000,12.200000,29.800000
125.200000,147.400000,11.800000,29.200000
125.600000,148.600000,12.200000,29.800000
124.400000,148.000000,12.600000,31.000000
123.800000,147.400000,12.800000,31.600000
122.800000,147.000000,13.200000,32.200000
121.800000,147.200000,13.200000,32.200000
122.000000,148.800000,12.600000,31.000000
122.200000,150.200000,12.200000,29.800000
122.800000,150.400000,12.600000,31.000000
122.600000,150.000000,12.800000,31.600000
124.000000,152.600000,12.600000,31.000000
123.800000,153.600000,12.200000,29.800000
123.600000,153.200000,12.600000,31.000000
123.400000,153.200000,12.600000,31.000000
124.000000,154.000000,12.200000,29.800000
123.600000,154.200000,11.800000,29.200000
122.800000,153.600000,12.200000,29.800000
123.200000,154.000000,11.600000,28.600000
123.800000,153.400000,12.200000,29.800000
125.200000,153.800000,11.800000,29.200000
125.800000,154.000000,11.800000,29.200000
125.600000,153.600000,11.800000,29.200000
124.200000,152.800000,12.200000,29.800000
124.400000,153.200000,11.800000,29.200000
124.400000,153.000000,11.800000,29.200000
124.800000,155.000000,11.800000,29.200000
124.800000,155.400000,12.200000,29.800000
123.800000,155.400000,12.200000,29.800000
123.800000,155.400000,12.200000,29.800000
124.400000,156.200000,11.800000,29.200000
123.800000,155.200000,12.400000,30.400000
124.200000,156.600000,12.200000,29.800000
125.000000,159.000000,11.600000,28.600000
124.600000,158.600000,12.200000,29.800000
125.600000,159.600000,11.600000,28.600000
125.400000,158.800000,11.800000,29.200000
125.000000,158.800000,11.800000,29.200000
124.400000,158.600000,11.800000,29.200000
123.400000,158.600000,11.800000,29.200000
123.600000,158.600000,11.800000,29.200000
124.000000,159.600000,11.400000,28.000000
123.800000,159.400000,11.800000,29.200000
