252.400000,103.800000,41.400000,43.400000
248.400000,101.000000,43.400000,44.800000
246.000000,99.600000,43.400000,44.400000
245.200000,101.000000,42.400000,45.000000
242.600000,96.800000,42.000000,44.800000
238.000000,93.400000,42.800000,43.000000
235.000000,88.400000,41.600000,43.200000
232.600000,84.800000,40.600000,42.600000
229.000000,81.200000,41.400000,42.400000
227.000000,80.200000,41.000000,41.800000
227.000000,86.400000,41.400000,42.000000
226.000000,88.800000,40.600000,41.400000
223.600000,88.800000,39.000000,39.400000
220.800000,86.800000,39.600000,40.400000
217.600000,85.400000,39.800000,40.000000
215.200000,83.000000,38.400000,39.000000
212.200000,79.600000,38.000000,38.800000
209.800000,79.200000,37.600000,39.200000
206.400000,76.400000,37.400000,38.400000
203.600000,73.400000,36.800000,38.200000
199.800000,69.800000,37.600000,38.000000
198.800000,69.200000,36.800000,37.600000
196.000000,67.400000,37.200000,37.600000
192.600000,65.000000,37.200000,36.600000
189.400000,62.600000,37.600000,35.800000
187.600000,59.800000,36.600000,36.600000
185.600000,59.800000,36.600000,36.000000
183.600000,58.400000,35.800000,35.600000
183.200000,61.600000,35.600000,35.200000
182.800000,63.600000,34.800000,36.200000
181.200000,65.800000,34.000000,33.800000
178.400000,64.000000,35.800000,34.400000
177.400000,64.400000,35.200000,33.800000
174.600000,61.600000,35.200000,33.800000
172.600000,59.200000,34.800000,33.000000
171.200000,58.800000,34.400000,32.800000
170.400000,58.200000,32.800000,33.000000
168.400000,56.400000,32.400000,32.400000
166.600000,56.000000,32.800000,31.800000
166.400000,57.200000,31.200000,31.200000
166.000000,59.200000,31.400000,31.400000
165.200000,58.200000,30.000000,31.000000
163.600000,57.200000,30.600000,31.000000
163.200000,59.200000,30.600000,30.400000
163.800000,62.200000,30.400000,30.800000
164.200000,62.000000,29.400000,30.600000
163.600000,61.200000,29.000000,30.400000
163.800000,59.200000,28.400000,30.400000
163.200000,58.200000,28.000000,30.200000
163.200000,56.800000,27.200000,29.000000
165.200000,56.400000,26.200000,28.600000
167.400000,57.200000,25.800000,28.200000
170.400000,62.000000,25.200000,28.200000
171.400000,64.000000,26.600000,28.000000
173.600000,66.400000,26.200000,28.000000
176.600000,70.200000,24.800000,28.200000
176.600000,70.200000,24.800000,27.200000
177.000000,68.800000,25.200000,28.400000
178.800000,72.000000,24.800000,26.200000
180.800000,72.600000,23.800000,26.600000
181.200000,72.200000,24.400000,27.400000
181.400000,72.600000,24.600000,26.600000
181.200000,71.200000,25.400000,27.000000
184.600000,74.800000,24.200000,26.200000
187.000000,76.400000,24.200000,25.600000
185.600000,73.400000,25.200000,26.400000
186.400000,72.600000,24.000000,26.200000
187.600000,72.600000,24.600000,27.000000
188.800000,72.600000,24.400000,26.200000
188.000000,71.600000,23.600000,23.200000
188.800000,71.000000,24.400000,25.000000
189.000000,71.200000,24.200000,24.600000
188.800000,70.600000,23.400000,23.800000
188.000000,72.000000,24.200000,24.000000
188.000000,75.000000,25.600000,24.600000
187.400000,76.000000,23.800000,23.200000
186.400000,77.200000,24.000000,23.000000
185.600000,78.200000,23.800000,22.000000
184.600000,78.400000,24.200000,22.600000
183.600000,78.400000,24.000000,22.800000
182.200000,78.200000,23.400000,22.000000
182.200000,79.000000,21.600000,19.200000
180.400000,76.000000,21.800000,20.800000
180.200000,76.600000,21.600000,20.000000
181.400000,79.600000,19.600000,20.600000
179.400000,78.800000,23.800000,21.800000
178.800000,78.200000,23.800000,21.000000
179.000000,77.800000,23.200000,21.800000
177.600000,76.400000,21.800000,22.000000
177.000000,75.800000,22.400000,20.200000
177.600000,76.400000,22.200000,20.400000
177.400000,77.200000,22.000000,20.200000
177.400000,76.400000,21.000000,20.000000
177.000000,75.400000,21.800000,20.000000
175.200000,73.000000,21.800000,20.600000
176.000000,73.000000,19.200000,19.600000
175.600000,72.200000,19.400000,21.200000
