253.200000,77.200000,40.000000,54.800000
251.800000,73.600000,38.600000,54.200000
252.200000,86.000000,39.200000,53.600000
251.200000,102.200000,39.200000,56.000000
250.400000,96.800000,38.400000,54.200000
248.000000,94.000000,38.000000,54.800000
246.400000,89.800000,37.200000,53.600000
241.400000,89.600000,36.600000,53.800000
238.800000,87.200000,36.800000,53.000000
238.800000,91.200000,37.200000,53.800000
236.600000,92.600000,36.200000,51.000000
233.200000,96.800000,38.000000,50.600000
229.000000,102.200000,34.000000,49.200000
225.600000,100.600000,35.600000,50.600000
223.800000,103.000000,36.600000,51.800000
222.200000,104.800000,35.200000,48.200000
219.000000,106.800000,35.200000,48.600000
217.000000,108.200000,35.200000,49.000000
215.200000,109.600000,32.800000,49.200000
212.800000,108.200000,33.800000,49.000000
210.800000,108.400000,33.400000,49.000000
209.000000,108.800000,32.800000,47.600000
208.000000,108.200000,33.400000,49.200000
206.600000,107.800000,32.800000,47.200000
206.400000,112.200000,32.000000,45.600000
206.000000,116.400000,31.600000,46.600000
205.600000,116.800000,31.000000,44.800000
203.800000,115.400000,32.600000,46.600000
203.400000,114.400000,30.400000,43.000000
201.800000,112.000000,30.000000,43.600000
201.400000,110.400000,29.000000,43.600000
200.600000,108.400000,29.000000,42.000000
200.400000,108.400000,28.400000,42.000000
199.000000,106.800000,28.000000,39.800000
197.400000,106.000000,29.200000,43.200000
197.800000,110.000000,27.800000,39.800000
196.200000,107.400000,28.200000,40.200000
194.200000,107.200000,29.600000,44.800000
194.600000,108.400000,28.600000,40.400000
194.200000,106.800000,28.600000,41.400000
193.800000,105.400000,28.000000,41.800000
193.200000,105.400000,28.600000,40.000000
192.800000,107.400000,28.600000,40.000000
192.600000,107.400000,29.200000,40.000000
192.200000,106.000000,27.600000,40.000000
191.400000,108.400000,27.000000,39.800000
190.200000,110.200000,27.800000,40.000000
189.000000,110.600000,26.600000,39.000000
189.000000,110.600000,25.200000,40.000000
187.800000,112.000000,25.600000,35.600000
186.600000,111.200000,27.600000,38.600000
186.400000,110.200000,26.800000,40.000000
186.400000,112.000000,25.400000,37.800000
185.200000,111.600000,25.200000,37.200000
184.200000,111.200000,25.600000,37.600000
183.200000,112.000000,25.600000,36.800000
184.000000,114.200000,24.400000,35.400000
183.800000,118.000000,25.000000,34.800000
183.800000,119.000000,23.800000,31.200000
184.000000,118.400000,24.200000,33.600000
183.600000,117.800000,25.200000,38.200000
183.400000,117.000000,23.800000,32.000000
182.800000,114.400000,25.200000,38.200000
183.200000,115.400000,24.800000,38.200000
183.200000,116.400000,24.400000,37.600000
181.800000,119.800000,24.800000,39.000000
180.800000,122.000000,24.400000,36.800000
179.800000,121.200000,25.200000,36.200000
179.000000,120.600000,24.800000,34.800000
178.400000,120.600000,24.400000,34.200000
177.600000,121.200000,24.600000,35.200000
177.600000,121.600000,23.800000,34.800000
176.600000,120.200000,24.600000,35.200000
