273.400000,104.400000,11.200000,10.000000
272.200000,104.400000,11.200000,10.000000
270.600000,104.600000,11.200000,10.000000
269.200000,104.600000,11.200000,10.000000
267.600000,104.800000,11.200000,10.000000
266.000000,105.000000,11.000000,9.800000
264.400000,105.200000,10.800000,9.600000
262.800000,105.000000,11.000000,9.800000
261.200000,105.400000,10.800000,9.600000
259.400000,105.200000,11.000000,9.800000
258.200000,105.600000,10.800000,9.600000
256.200000,105.400000,11.000000,9.800000
254.400000,105.200000,11.400000,10.200000
252.800000,105.200000,11.400000,10.200000
251.200000,105.400000,11.400000,10.200000
249.600000,105.600000,11.400000,10.200000
248.200000,106.000000,11.000000,9.800000
246.400000,105.800000,11.400000,10.200000
245.200000,106.200000,11.000000,9.800000
243.400000,106.000000,11.400000,10.200000
242.200000,106.400000,11.000000,9.800000
240.600000,106.400000,11.400000,10.200000
239.000000,106.400000,11.400000,10.200000
237.800000,106.600000,11.400000,10.200000
236.200000,106.800000,11.400000,10.200000
234.800000,106.800000,11.400000,10.200000
233.400000,107.000000,11.400000,10.200000
231.800000,107.000000,11.400000,10.200000
230.200000,107.200000,11.400000,10.200000
228.600000,107.400000,11.400000,10.200000
227.200000,107.400000,11.400000,10.200000
225.800000,107.400000,11.400000,10.200000
224.200000,107.600000,11.400000,10.200000
223.000000,108.000000,11.000000,9.800000
221.200000,107.800000,11.400000,10.200000
219.800000,107.800000,11.400000,10.200000
218.200000,108.000000,11.400000,10.200000
216.200000,107.800000,11.800000,10.600000
214.600000,107.800000,11.800000,10.600000
213.000000,107.800000,12.400000,11.000000
211.600000,108.000000,11.800000,10.600000
210.000000,108.400000,11.400000,10.200000
208.600000,108.600000,11.400000,10.200000
207.200000,108.600000,11.400000,10.200000
205.600000,108.800000,11.400000,10.200000
204.000000,108.800000,11.400000,10.200000
202.400000,108.800000,11.600000,10.400000
200.800000,109.000000,11.400000,10.200000
198.600000,108.800000,11.800000,10.600000
197.200000,109.200000,11.600000,10.400000
195.600000,109.400000,11.400000,10.200000
193.800000,109.600000,11.400000,10.200000
192.200000,109.600000,11.600000,10.400000
190.800000,109.800000,11.400000,10.200000
189.400000,110.200000,11.000000,9.800000
187.600000,110.000000,11.400000,10.200000
186.000000,110.000000,11.600000,10.400000
184.200000,110.200000,11.400000,10.200000
182.600000,110.400000,11.400000,10.200000
180.800000,110.600000,11.600000,10.400000
179.400000,110.800000,11.400000,10.200000
177.800000,110.800000,11.400000,10.200000
176.000000,111.000000,11.400000,10.200000
174.400000,111.000000,11.400000,10.200000
172.800000,111.200000,11.400000,10.200000
171.200000,111.200000,11.400000,10.200000
169.800000,111.400000,11.400000,10.200000
168.200000,111.600000,11.400000,10.200000
167.000000,112.200000,11.000000,9.800000
165.200000,111.800000,11.400000,10.200000
163.800000,112.000000,11.400000,10.200000
162.000000,112.200000,11.400000,10.200000
160.400000,112.200000,11.800000,10.600000
159.000000,112.600000,11.400000,10.200000
157.400000,112.800000,11.400000,10.200000
155.800000,113.000000,11.400000,10.200000
154.000000,112.800000,11.800000,10.600000
152.400000,112.800000,11.800000,10.600000
151.000000,113.000000,11.800000,10.600000
150.000000,113.400000,11.600000,10.400000
148.600000,113.600000,11.400000,10.200000
147.000000,113.600000,11.600000,10.400000
145.400000,113.800000,11.400000,10.200000
144.000000,114.000000,11.400000,10.200000
142.200000,114.200000,11.600000,10.400000
140.600000,114.400000,11.400000,10.200000
139.200000,114.400000,11.600000,10.400000
137.400000,114.400000,11.600000,10.400000
135.600000,114.400000,11.800000,10.600000
134.400000,114.800000,11.400000,10.200000
133.000000,114.800000,11.400000,10.200000
131.400000,115.000000,11.400000,10.200000
129.800000,115.000000,11.400000,10.200000
128.400000,115.400000,11.000000,9.800000
126.800000,115.400000,11.000000,9.800000
125.000000,115.400000,11.400000,10.200000
123.600000,115.600000,11.000000,9.800000
122.200000,115.600000,11.000000,9.800000
120.800000,115.800000,11.000000,9.800000
119.400000,116.000000,10.800000,9.600000
118.000000,116.000000,10.800000,9.600000
116.800000,116.000000,10.800000,9.600000
115.400000,116.000000,10.800000,9.600000
114.000000,116.000000,10.800000,9.600000
112.600000,116.200000,10.800000,9.600000
111.200000,116.200000,10.800000,9.600000
109.800000,116.200000,10.800000,9.600000
108.000000,116.000000,11.000000,9.800000
106.800000,116.200000,10.800000,9.600000
105.600000,116.000000,11.000000,9.800000
104.000000,115.600000,11.400000,10.200000
102.600000,115.600000,11.400000,10.200000
101.400000,115.600000,11.400000,10.200000
100.200000,116.000000,11.000000,9.800000
99.000000,116.000000,11.000000,9.800000
97.600000,116.000000,11.000000,9.800000
96.200000,116.000000,11.000000,9.800000
94.600000,115.800000,11.400000,10.200000
93.400000,116.200000,11.000000,9.800000
91.600000,115.800000,11.400000,10.200000
90.200000,116.000000,11.400000,10.200000
