180.400000,65.800000,58.600000,79.200000
181.000000,65.800000,58.600000,79.200000
181.800000,65.800000,58.600000,79.200000
182.000000,65.800000,58.600000,79.200000
182.600000,66.000000,58.600000,79.200000
183.800000,66.400000,58.600000,79.200000
186.200000,66.800000,58.600000,79.200000
188.600000,67.400000,58.600000,79.200000
191.200000,69.400000,58.600000,79.200000
190.800000,69.200000,58.600000,79.200000
189.600000,67.000000,58.600000,79.200000
184.800000,66.600000,58.600000,79.200000
178.400000,66.800000,58.600000,79.200000
171.600000,67.400000,58.600000,79.200000
169.800000,67.400000,59.800000,80.800000
175.000000,68.800000,62.200000,84.000000
186.000000,68.000000,63.400000,85.800000
194.000000,67.600000,62.200000,84.000000
194.000000,69.400000,63.400000,85.800000
185.400000,65.400000,64.600000,87.400000
180.000000,62.600000,64.600000,87.400000
179.200000,61.600000,67.400000,91.000000
187.400000,59.600000,67.400000,91.000000
194.400000,57.800000,67.400000,91.000000
197.600000,58.600000,67.400000,91.000000
195.800000,58.000000,67.400000,91.000000
193.600000,59.800000,67.400000,91.000000
197.600000,58.800000,68.600000,92.800000
211.000000,59.000000,71.400000,96.600000
239.400000,63.200000,72.800000,98.400000
267.200000,62.800000,74.400000,100.400000
280.600000,63.000000,74.400000,100.400000
286.400000,64.600000,71.400000,96.600000
286.000000,65.600000,71.400000,96.600000
289.000000,65.800000,72.800000,98.400000
292.400000,65.800000,71.400000,96.600000
283.800000,68.800000,71.400000,96.600000
278.400000,65.400000,68.600000,92.800000
238.400000,64.800000,71.400000,96.600000
197.000000,60.600000,74.400000,100.400000
163.400000,58.200000,74.400000,100.400000
132.800000,57.200000,71.400000,96.600000
81.800000,55.800000,70.000000,94.600000
69.200000,55.000000,67.400000,91.000000
52.000000,51.600000,67.400000,91.000000
37.000000,51.200000,67.400000,91.000000
36.600000,51.800000,64.600000,87.400000
47.800000,52.000000,67.400000,91.000000
78.000000,55.800000,66.000000,89.200000
104.600000,54.200000,66.000000,89.200000
117.000000,54.000000,68.600000,92.800000
114.800000,53.600000,71.400000,96.600000
109.800000,52.200000,72.800000,98.400000
111.800000,53.600000,71.400000,96.600000
113.800000,53.600000,72.800000,98.400000
120.200000,54.000000,72.800000,98.400000
145.600000,53.400000,74.400000,100.400000
161.800000,55.000000,77.400000,104.600000
169.600000,55.200000,75.800000,102.400000
166.800000,58.000000,78.800000,106.600000
168.200000,60.800000,82.000000,110.800000
178.000000,61.400000,78.800000,106.600000
181.000000,64.400000,77.400000,104.600000
172.800000,67.600000,77.400000,104.600000
157.200000,65.000000,74.400000,100.400000
151.200000,64.800000,74.400000,100.400000
152.600000,68.600000,71.400000,96.600000
160.800000,67.200000,71.400000,96.600000
162.600000,66.000000,71.400000,96.600000
160.200000,65.400000,68.600000,92.800000
151.200000,61.600000,68.600000,92.800000
145.000000,61.800000,71.400000,96.600000
149.400000,64.000000,68.600000,92.800000
151.600000,64.000000,67.400000,91.000000
151.200000,65.600000,64.600000,87.400000
148.400000,68.600000,62.200000,84.000000
151.800000,68.200000,64.600000,87.400000
159.600000,70.000000,66.000000,89.200000
169.000000,68.800000,68.600000,92.800000
175.800000,66.600000,68.600000,92.800000
177.000000,70.600000,66.000000,89.200000
165.600000,66.400000,68.600000,92.800000
155.400000,61.000000,71.400000,96.600000
152.400000,58.200000,70.000000,94.600000
157.600000,58.400000,67.400000,91.000000
157.000000,56.400000,70.000000,94.600000
150.400000,53.200000,72.800000,98.400000
143.200000,53.200000,71.400000,96.600000
131.600000,53.600000,71.400000,96.600000
123.200000,53.400000,72.800000,98.400000
120.800000,53.600000,71.400000,96.600000
124.400000,54.400000,72.800000,98.400000
136.200000,58.600000,71.400000,96.600000
150.000000,60.600000,68.600000,92.800000
157.200000,59.000000,68.600000,92.800000
162.200000,59.000000,67.400000,91.000000
157.200000,59.600000,67.400000,91.000000
141.600000,61.000000,67.400000,91.000000
128.800000,60.400000,64.600000,87.400000
121.800000,58.800000,66.000000,89.200000
170.800000,62.800000,64.600000,87.400000
188.000000,63.400000,64.600000,87.400000
194.200000,61.800000,66.000000,89.200000
191.000000,63.600000,64.600000,87.400000
169.600000,62.400000,66.000000,89.200000
145.400000,58.000000,67.400000,91.000000
127.200000,55.800000,67.400000,91.000000
114.000000,56.200000,67.400000,91.000000
97.800000,54.200000,67.400000,91.000000
75.600000,53.800000,67.400000,91.000000
56.000000,51.800000,67.400000,91.000000
48.800000,50.800000,67.400000,91.000000
53.400000,52.200000,67.400000,91.000000
71.400000,58.800000,66.000000,89.200000
91.600000,59.400000,64.600000,87.400000
102.400000,58.000000,66.000000,89.200000
108.400000,59.400000,63.400000,85.800000
101.400000,58.400000,66.000000,89.200000
98.400000,58.000000,66.000000,89.200000
105.600000,59.600000,63.400000,85.800000
117.800000,61.200000,63.400000,85.800000
125.600000,58.800000,66.000000,89.200000
125.200000,61.000000,63.400000,85.800000
117.200000,60.200000,63.400000,85.800000
111.800000,58.600000,66.000000,89.200000
116.800000,55.400000,68.600000,92.800000
120.600000,54.600000,71.400000,96.600000
119.200000,52.800000,72.800000,98.400000
116.600000,52.600000,71.400000,96.600000
116.400000,54.000000,71.400000,96.600000
122.400000,56.000000,72.800000,98.400000
133.000000,58.200000,74.400000,100.400000
135.800000,59.000000,75.800000,102.400000
132.600000,60.600000,75.800000,102.400000
124.200000,60.400000,74.400000,100.400000
119.400000,60.000000,77.400000,104.600000
121.000000,60.800000,74.400000,100.400000
132.200000,61.600000,71.400000,96.600000
141.000000,62.400000,71.400000,96.600000
143.400000,61.400000,68.600000,92.800000
134.400000,62.600000,68.600000,92.800000
122.600000,62.800000,71.400000,96.600000
116.600000,61.600000,74.400000,100.400000
118.600000,63.400000,71.400000,96.600000
122.000000,62.800000,68.600000,92.800000
120.000000,62.600000,68.600000,92.800000
111.800000,61.200000,71.400000,96.600000
105.000000,61.200000,68.600000,92.800000
105.200000,60.000000,71.400000,96.600000
113.600000,61.400000,74.400000,100.400000
130.400000,64.200000,75.800000,102.400000
142.800000,66.600000,78.800000,106.600000
156.600000,67.000000,77.400000,104.600000
177.800000,67.600000,74.400000,100.400000
204.600000,69.600000,71.400000,96.600000
227.000000,69.200000,72.800000,98.400000
245.000000,67.800000,71.400000,96.600000
259.200000,68.200000,68.600000,92.800000
268.400000,68.600000,67.400000,91.000000
273.800000,70.000000,64.600000,87.400000
281.800000,70.600000,63.400000,85.800000
293.800000,71.800000,64.600000,87.400000
294.200000,69.800000,67.400000,91.000000
281.000000,70.200000,67.400000,91.000000
246.000000,69.600000,67.400000,91.000000
206.000000,63.000000,68.600000,92.800000
179.800000,62.200000,67.400000,91.000000
164.400000,61.600000,68.600000,92.800000
162.200000,61.800000,68.600000,92.800000
154.200000,59.400000,71.400000,96.600000
139.400000,57.600000,72.800000,98.400000
123.600000,56.000000,72.800000,98.400000
117.400000,54.400000,75.800000,102.400000
124.400000,57.600000,77.400000,104.600000
145.000000,62.400000,77.400000,104.600000
161.600000,59.200000,75.800000,102.400000
166.800000,60.800000,74.400000,100.400000
157.200000,61.000000,74.400000,100.400000
138.400000,59.800000,75.800000,102.400000
121.000000,57.200000,75.800000,102.400000
100.200000,58.800000,77.400000,104.600000
80.600000,60.400000,74.400000,100.400000
56.800000,62.000000,77.400000,104.600000
39.600000,57.200000,75.800000,102.400000
23.800000,54.600000,77.400000,104.600000
16.800000,52.200000,77.400000,104.600000
27.000000,50.000000,75.800000,102.400000
50.600000,51.800000,77.400000,104.600000
84.800000,54.000000,74.400000,100.400000
112.600000,55.000000,72.800000,98.400000
130.400000,56.200000,74.400000,100.400000
143.800000,56.200000,71.400000,96.600000
149.600000,54.000000,74.400000,100.400000
162.200000,54.000000,71.400000,96.600000
174.000000,54.400000,74.400000,100.400000
192.800000,58.400000,71.400000,96.600000
209.200000,60.400000,68.600000,92.800000
215.000000,59.800000,68.600000,92.800000
215.000000,60.600000,67.400000,91.000000
207.000000,61.200000,67.400000,91.000000
181.400000,63.600000,64.600000,87.400000
194.600000,66.600000,64.600000,87.400000
199.000000,66.200000,63.400000,85.800000
195.400000,65.000000,63.400000,85.800000
185.800000,65.000000,62.200000,84.000000
178.400000,64.000000,63.400000,85.800000
180.400000,64.200000,62.200000,84.000000
190.000000,65.000000,63.400000,85.800000
204.400000,66.800000,63.400000,85.800000
213.200000,67.200000,63.400000,85.800000
213.000000,68.000000,63.400000,85.800000
203.200000,66.600000,64.600000,87.400000
190.400000,66.200000,66.000000,89.200000
179.800000,64.000000,67.400000,91.000000
173.800000,67.800000,67.400000,91.000000
174.000000,67.400000,67.400000,91.000000
169.200000,61.200000,70.000000,94.600000
164.000000,58.000000,71.400000,96.600000
158.000000,55.600000,72.800000,98.400000
149.800000,55.000000,74.400000,100.400000
145.400000,55.400000,77.400000,104.600000
147.400000,55.200000,77.400000,104.600000
151.200000,56.200000,75.800000,102.400000
157.000000,56.000000,75.800000,102.400000
156.600000,55.600000,75.800000,102.400000
141.200000,56.200000,74.400000,100.400000
107.000000,57.800000,75.800000,102.400000
77.200000,53.600000,75.800000,102.400000
63.200000,53.000000,72.800000,98.400000
63.200000,54.800000,71.400000,96.600000
83.600000,61.400000,68.600000,92.800000
111.800000,62.600000,67.400000,91.000000
126.400000,60.400000,68.600000,92.800000
119.800000,61.600000,71.400000,96.600000
107.400000,61.800000,71.400000,96.600000
105.200000,61.400000,68.600000,92.800000
103.000000,61.800000,71.400000,96.600000
105.800000,59.600000,68.600000,92.800000
106.800000,59.000000,66.000000,89.200000
107.000000,59.400000,63.400000,85.800000
107.400000,60.400000,63.400000,85.800000
115.000000,62.000000,63.400000,85.800000
129.000000,63.000000,63.400000,85.800000
152.000000,64.000000,63.400000,85.800000
171.600000,65.200000,64.600000,87.400000
184.800000,64.400000,64.600000,87.400000
189.400000,63.600000,66.000000,89.200000
189.400000,64.200000,66.000000,89.200000
185.600000,62.600000,68.600000,92.800000
188.400000,64.000000,66.000000,89.200000
191.400000,64.000000,64.600000,87.400000
192.600000,63.800000,64.600000,87.400000
193.200000,64.400000,63.400000,85.800000
187.200000,64.200000,66.000000,89.200000
169.600000,62.000000,68.600000,92.800000
137.000000,62.600000,68.600000,92.800000
98.000000,59.200000,68.600000,92.800000
67.600000,56.200000,66.000000,89.200000
47.600000,56.200000,66.000000,89.200000
41.600000,55.000000,67.400000,91.000000
39.600000,54.000000,68.600000,92.800000
36.200000,52.400000,68.600000,92.800000
30.600000,49.600000,71.400000,96.600000
30.000000,48.200000,68.600000,92.800000
33.400000,48.400000,68.600000,92.800000
44.000000,52.600000,71.400000,96.600000
66.600000,57.600000,71.400000,96.600000
85.800000,57.800000,74.400000,100.400000
97.400000,57.800000,72.800000,98.400000
103.600000,57.200000,72.800000,98.400000
113.600000,57.000000,71.400000,96.600000
128.200000,58.800000,68.600000,92.800000
143.800000,61.400000,66.000000,89.200000
146.600000,62.200000,68.600000,92.800000
146.000000,62.200000,68.600000,92.800000
146.600000,62.000000,70.000000,94.600000
146.000000,63.000000,72.800000,98.400000
151.400000,67.600000,74.400000,100.400000
156.800000,72.200000,74.400000,100.400000
157.000000,73.400000,75.800000,102.400000
155.800000,71.400000,78.800000,106.600000
153.800000,69.600000,78.800000,106.600000
153.000000,70.600000,78.800000,106.600000
153.800000,69.400000,77.400000,104.600000
157.600000,61.600000,74.400000,100.400000
160.800000,57.000000,72.800000,98.400000
162.600000,56.600000,72.800000,98.400000
164.000000,57.400000,72.800000,98.400000
165.000000,58.000000,72.800000,98.400000
162.200000,58.200000,75.800000,102.400000
159.600000,59.000000,75.800000,102.400000
160.600000,60.800000,74.400000,100.400000
162.400000,62.000000,74.400000,100.400000
164.400000,61.400000,75.800000,102.400000
166.200000,59.600000,77.400000,104.600000
166.000000,57.800000,74.400000,100.400000
155.400000,58.400000,74.400000,100.400000
138.400000,60.600000,71.400000,96.600000
120.800000,58.800000,72.800000,98.400000
113.200000,57.800000,70.000000,94.600000
