128.200000,62.400000,15.200000,36.000000
129.000000,63.200000,14.200000,36.200000
132.000000,62.800000,13.200000,37.200000
133.400000,62.200000,14.000000,37.200000
134.600000,61.000000,15.800000,37.400000
136.200000,61.200000,14.800000,38.200000
138.800000,62.200000,13.800000,38.000000
141.400000,63.400000,14.600000,37.200000
143.600000,63.400000,14.800000,37.200000
147.000000,63.400000,12.800000,36.400000
147.400000,63.400000,15.400000,36.200000
149.800000,63.600000,14.400000,36.000000
151.800000,63.600000,13.800000,37.400000
151.600000,64.400000,14.800000,36.800000
153.600000,63.800000,14.600000,37.800000
154.800000,64.000000,12.000000,37.200000
153.400000,63.200000,12.200000,37.400000
151.200000,64.200000,14.400000,37.800000
153.000000,64.800000,15.400000,37.600000
152.600000,65.000000,15.000000,38.000000
153.600000,66.400000,15.400000,37.200000
152.600000,67.200000,14.400000,37.800000
152.600000,65.400000,16.200000,39.400000
152.200000,66.000000,16.800000,38.800000
153.200000,66.800000,14.200000,38.000000
154.200000,67.400000,13.800000,37.400000
156.000000,65.800000,14.400000,38.600000
156.000000,66.000000,15.400000,39.400000
157.600000,66.400000,16.000000,39.600000
159.000000,67.200000,15.200000,39.600000
159.000000,68.200000,13.600000,38.600000
158.000000,68.800000,14.800000,40.000000
157.600000,69.800000,16.000000,38.000000
158.800000,70.200000,15.400000,38.200000
158.800000,71.200000,16.200000,38.000000
160.400000,70.200000,15.200000,39.000000
161.800000,71.000000,15.200000,37.400000
163.200000,72.200000,14.400000,36.000000
165.200000,72.600000,14.200000,35.600000
166.600000,71.000000,13.200000,34.400000
169.200000,70.000000,13.200000,33.400000
170.800000,71.000000,13.800000,34.400000
172.800000,72.200000,12.400000,36.000000
174.600000,73.400000,12.800000,35.000000
176.000000,73.600000,14.200000,32.200000
178.400000,72.600000,14.400000,34.800000
180.400000,73.600000,12.400000,33.200000
183.800000,73.000000,12.800000,34.400000
185.200000,74.000000,13.200000,36.200000
187.600000,72.600000,12.600000,36.200000
190.800000,73.600000,13.400000,36.200000
191.800000,74.800000,11.400000,32.400000
195.400000,74.200000,10.800000,32.800000
195.600000,73.600000,13.200000,34.200000
197.600000,75.000000,13.400000,35.400000
201.200000,74.400000,13.800000,37.200000
202.800000,75.000000,15.600000,38.400000
205.000000,74.400000,13.800000,40.400000
205.600000,74.400000,14.200000,39.000000
207.000000,75.800000,16.200000,40.200000
208.400000,77.400000,17.600000,40.800000
209.400000,78.400000,17.000000,42.200000
211.400000,77.800000,16.000000,41.400000
212.200000,78.800000,15.200000,41.400000
212.600000,78.800000,17.800000,41.800000
213.800000,79.600000,18.000000,42.000000
213.200000,80.200000,18.200000,41.000000
215.200000,79.200000,14.600000,42.000000
216.400000,79.600000,16.800000,41.400000
216.000000,81.000000,16.800000,40.600000
216.600000,81.600000,17.200000,40.000000
218.800000,81.600000,15.800000,40.600000
219.800000,81.600000,15.400000,41.000000
221.400000,82.000000,17.000000,40.600000
222.800000,83.400000,17.000000,41.400000
222.800000,83.000000,18.600000,41.000000
225.600000,82.000000,17.200000,41.400000
228.800000,82.600000,14.400000,41.400000
230.400000,82.000000,16.600000,42.800000
231.800000,84.000000,15.200000,40.400000
233.200000,83.600000,14.400000,41.400000
235.000000,84.000000,14.800000,40.000000
236.000000,84.000000,17.600000,41.400000
238.000000,84.000000,18.600000,41.800000
239.800000,84.400000,17.800000,41.400000
241.400000,85.000000,16.200000,42.400000
242.600000,85.000000,14.800000,42.400000
244.200000,85.400000,14.800000,42.800000
245.200000,86.800000,15.000000,40.400000
247.600000,87.400000,15.200000,40.400000
249.000000,87.800000,14.800000,40.400000
249.400000,86.400000,15.800000,42.000000
251.400000,86.800000,15.000000,38.600000
252.600000,87.800000,15.400000,41.000000
252.800000,87.800000,15.600000,41.400000
253.600000,88.400000,14.000000,37.600000
256.400000,88.400000,13.800000,36.400000
257.200000,89.000000,13.000000,33.400000
258.400000,90.600000,13.800000,34.800000
259.800000,89.800000,13.800000,33.600000
260.800000,88.800000,14.400000,34.600000
263.200000,89.600000,14.400000,34.000000
265.600000,89.800000,13.200000,33.800000
269.000000,90.800000,11.600000,34.000000
269.400000,90.600000,11.800000,32.400000
269.000000,89.800000,14.600000,38.600000
271.800000,89.600000,14.800000,40.000000
274.600000,92.000000,14.400000,40.600000
276.600000,92.000000,14.800000,38.200000
278.800000,91.600000,13.800000,36.600000
280.400000,92.000000,13.800000,36.800000
283.200000,92.200000,14.400000,37.000000
284.600000,93.400000,13.800000,35.800000
285.600000,92.600000,13.200000,36.200000
286.600000,92.200000,13.600000,37.600000
286.400000,93.400000,14.400000,38.600000
288.800000,94.800000,14.400000,42.000000
288.800000,94.800000,15.000000,41.600000
288.800000,94.000000,16.200000,42.400000
289.000000,94.800000,17.400000,42.600000
290.200000,95.800000,17.200000,44.800000
289.800000,96.800000,18.600000,45.800000
290.800000,98.800000,19.400000,42.800000
291.800000,98.200000,16.200000,43.800000
292.800000,98.800000,14.200000,44.600000
290.800000,98.800000,16.800000,46.000000
291.400000,98.200000,16.200000,46.200000
291.800000,99.200000,17.200000,46.600000
292.600000,99.200000,15.800000,48.600000
292.800000,99.600000,17.400000,50.000000
290.800000,100.200000,20.400000,50.800000
288.400000,100.600000,18.200000,50.400000
290.200000,101.600000,15.800000,46.800000
287.000000,102.000000,18.000000,48.200000
284.600000,101.000000,19.000000,51.000000
281.800000,104.400000,17.200000,47.200000
277.600000,105.000000,17.000000,44.600000
277.000000,103.600000,16.800000,47.400000
275.600000,104.800000,17.600000,44.800000
276.600000,105.000000,15.600000,43.800000
277.000000,106.000000,16.600000,47.000000
276.000000,105.000000,15.400000,47.600000
276.400000,104.400000,16.200000,46.200000
276.000000,105.800000,16.800000,46.400000
272.800000,106.000000,19.800000,46.600000
272.600000,107.200000,16.200000,45.000000
272.200000,107.200000,13.400000,43.000000
270.800000,108.400000,16.600000,42.600000
271.200000,107.800000,17.200000,42.800000
270.400000,108.200000,17.200000,44.400000
271.400000,107.800000,15.200000,42.400000
273.600000,107.800000,13.000000,42.800000
272.200000,106.400000,13.000000,44.800000
271.400000,107.800000,13.800000,41.800000
270.200000,107.200000,14.400000,43.400000
268.800000,105.800000,15.400000,45.400000
268.800000,104.000000,15.800000,47.000000
268.400000,104.800000,16.600000,46.800000
266.600000,106.800000,17.600000,44.200000
265.000000,107.200000,19.200000,44.000000
267.400000,108.800000,15.200000,43.800000
267.000000,105.000000,14.200000,47.200000
265.000000,104.000000,14.400000,47.200000
267.400000,103.000000,14.000000,46.600000
271.800000,102.600000,13.200000,45.800000
270.800000,102.000000,15.200000,43.800000
270.200000,101.200000,15.000000,46.000000
271.400000,98.400000,15.200000,49.800000
269.000000,101.000000,18.000000,48.600000
269.000000,104.000000,14.600000,48.000000
268.000000,103.400000,14.800000,47.600000
267.600000,104.800000,15.000000,49.200000
267.000000,104.800000,16.600000,48.800000
263.200000,104.000000,16.200000,47.600000
261.800000,103.600000,16.200000,48.600000
259.000000,103.400000,18.000000,48.800000
257.000000,104.800000,19.000000,48.800000
253.600000,105.800000,19.000000,47.600000
250.800000,105.400000,18.200000,49.000000
245.200000,104.000000,17.600000,48.600000
241.800000,104.400000,16.200000,49.000000
239.800000,104.800000,15.200000,50.000000
238.000000,106.800000,13.800000,48.000000
233.600000,106.400000,15.400000,49.600000
229.800000,108.400000,15.200000,49.800000
229.000000,109.600000,16.200000,48.800000
227.600000,110.600000,18.000000,49.000000
225.200000,111.000000,17.600000,49.600000
223.200000,111.000000,15.800000,50.600000
219.800000,110.200000,15.800000,50.800000
217.000000,112.200000,16.600000,51.400000
213.800000,113.400000,16.400000,49.600000
