144.400000,143.800000,5.800000,14.800000
144.800000,143.200000,6.000000,15.400000
145.600000,143.200000,6.000000,15.400000
146.600000,143.200000,6.200000,15.800000
147.400000,143.200000,6.000000,15.000000
147.800000,143.200000,6.000000,15.000000
148.800000,143.400000,6.000000,15.000000
149.800000,143.200000,6.000000,15.400000
151.000000,143.600000,6.000000,15.000000
151.600000,143.400000,6.000000,15.400000
152.400000,143.600000,6.200000,16.000000
153.000000,143.600000,6.000000,15.400000
153.800000,143.400000,6.000000,15.400000
154.800000,143.400000,6.200000,16.000000
155.600000,143.600000,6.000000,15.400000
156.200000,143.400000,6.000000,15.400000
156.800000,143.400000,6.000000,15.400000
157.800000,143.400000,6.000000,15.400000
158.800000,143.400000,6.200000,16.000000
159.600000,143.600000,6.000000,15.400000
160.400000,143.600000,6.000000,15.400000
161.000000,143.600000,6.000000,15.400000
161.800000,143.400000,6.000000,15.400000
162.600000,143.600000,6.000000,15.400000
163.600000,143.600000,6.000000,15.400000
164.200000,143.600000,6.000000,15.000000
164.600000,143.200000,6.000000,15.400000
165.400000,143.400000,6.000000,15.400000
166.400000,143.400000,6.000000,15.400000
167.400000,143.400000,6.000000,15.400000
168.400000,143.600000,6.000000,15.400000
169.000000,143.400000,6.000000,15.400000
169.600000,143.400000,6.000000,15.400000
170.400000,143.400000,6.000000,15.400000
171.200000,143.400000,6.200000,16.000000
171.800000,143.400000,6.000000,15.400000
172.400000,143.200000,6.000000,15.400000
173.200000,143.200000,6.000000,15.400000
174.000000,143.400000,6.000000,15.400000
175.000000,143.400000,6.000000,15.400000
176.000000,143.400000,6.000000,15.400000
176.600000,143.400000,6.000000,15.400000
177.600000,143.600000,6.000000,15.000000
178.200000,143.600000,6.000000,15.000000
178.800000,143.200000,6.000000,15.400000
179.600000,143.200000,6.000000,15.400000
180.200000,143.000000,6.200000,16.000000
180.800000,143.000000,6.000000,15.400000
181.800000,143.200000,6.000000,15.000000
182.600000,143.200000,6.000000,15.400000
183.400000,143.200000,6.000000,15.400000
184.200000,143.200000,6.000000,15.400000
184.800000,143.200000,6.200000,15.800000
185.600000,143.200000,6.000000,15.400000
186.400000,143.000000,6.000000,15.400000
187.400000,143.200000,6.000000,15.000000
187.800000,142.800000,6.000000,15.400000
188.400000,142.600000,6.000000,15.400000
189.400000,142.800000,6.000000,15.000000
190.200000,143.000000,6.000000,15.400000
191.000000,143.000000,6.000000,15.400000
191.800000,143.000000,6.000000,15.400000
192.600000,143.000000,6.000000,15.400000
193.200000,143.000000,6.000000,15.400000
193.800000,142.800000,6.000000,15.400000
194.800000,142.800000,6.000000,15.400000
195.600000,143.000000,6.000000,15.400000
196.200000,142.600000,6.000000,15.400000
196.800000,142.600000,6.000000,15.400000
197.800000,142.800000,6.000000,15.000000
198.800000,143.200000,6.000000,15.000000
199.600000,143.200000,6.000000,15.000000
200.400000,143.200000,6.000000,15.000000
201.000000,143.000000,6.000000,15.400000
201.600000,143.000000,6.000000,15.400000
202.400000,143.000000,6.000000,15.400000
203.400000,143.000000,6.000000,15.400000
204.000000,143.000000,6.000000,15.400000
204.600000,142.800000,6.000000,15.400000
205.600000,143.000000,6.000000,15.000000
206.400000,143.000000,6.000000,15.400000
207.400000,143.400000,6.000000,15.000000
208.000000,143.200000,6.000000,15.400000
208.800000,143.200000,6.200000,16.000000
209.600000,143.200000,6.000000,15.400000
210.400000,143.400000,6.000000,15.000000
211.200000,143.400000,6.000000,15.400000
212.000000,143.200000,6.000000,15.400000
212.600000,143.200000,6.000000,15.400000
213.200000,143.200000,6.000000,15.400000
214.000000,143.200000,6.000000,15.400000
215.000000,143.400000,6.000000,15.400000
216.000000,143.400000,6.000000,15.400000
216.800000,143.400000,6.000000,15.400000
217.400000,143.400000,6.000000,15.400000
218.200000,143.400000,6.000000,15.400000
218.800000,143.400000,6.000000,15.400000
219.800000,143.400000,6.000000,15.400000
220.600000,143.600000,6.000000,15.400000
221.000000,143.400000,6.000000,15.400000
221.800000,143.400000,6.000000,15.400000
222.800000,143.600000,6.000000,15.000000
223.600000,143.600000,6.000000,15.400000
224.600000,143.600000,6.000000,15.400000
225.400000,143.800000,6.000000,15.000000
225.800000,143.600000,6.000000,15.400000
226.600000,143.400000,6.000000,15.400000
227.400000,143.400000,6.000000,15.400000
228.000000,143.400000,6.000000,15.400000
228.800000,143.000000,6.000000,15.400000
229.400000,143.000000,6.000000,15.400000
230.000000,143.000000,6.200000,15.800000
231.000000,143.200000,6.000000,15.400000
232.200000,143.400000,6.000000,15.000000
232.600000,143.000000,6.000000,15.400000
233.400000,143.000000,6.000000,15.400000
234.000000,143.000000,6.200000,15.800000
234.800000,143.000000,6.000000,15.400000
235.600000,143.000000,6.000000,15.400000
236.000000,142.800000,6.000000,15.400000
236.800000,142.600000,6.000000,15.400000
237.600000,143.000000,6.000000,15.000000
238.600000,143.000000,6.000000,15.000000
239.200000,142.800000,6.000000,15.400000
240.000000,142.800000,6.000000,15.400000
240.800000,142.800000,6.000000,15.400000
241.400000,142.800000,6.000000,15.400000
242.200000,142.600000,6.000000,15.400000
243.000000,142.600000,6.000000,15.400000
243.600000,142.600000,6.000000,15.400000
244.600000,142.600000,6.000000,15.000000
245.200000,142.400000,6.000000,15.400000
246.000000,142.600000,6.000000,15.400000
247.000000,142.800000,6.000000,15.000000
247.800000,142.600000,6.000000,15.400000
248.600000,142.600000,6.000000,15.400000
249.200000,142.800000,6.000000,15.000000
249.800000,142.600000,6.000000,15.400000
250.600000,142.600000,6.000000,15.400000
251.600000,142.800000,6.000000,15.000000
252.000000,142.600000,6.000000,15.400000
252.600000,142.600000,6.000000,15.400000
253.600000,142.800000,6.000000,15.000000
254.400000,142.800000,6.000000,15.000000
255.200000,142.800000,6.000000,15.000000
256.000000,142.600000,6.000000,15.400000
256.400000,142.800000,6.000000,15.400000
257.200000,142.600000,6.000000,15.400000
257.800000,142.600000,6.000000,15.400000
258.800000,142.400000,6.000000,15.400000
259.400000,142.400000,6.000000,15.400000
260.000000,142.200000,6.000000,15.400000
260.800000,142.200000,6.000000,15.400000
261.600000,142.400000,6.000000,15.400000
262.400000,142.400000,6.000000,15.400000
263.200000,142.600000,6.000000,15.400000
264.000000,142.600000,6.000000,15.400000
264.600000,142.400000,6.000000,15.400000
265.200000,142.600000,6.000000,15.400000
266.000000,142.400000,6.000000,15.400000
266.800000,142.600000,6.000000,15.400000
267.600000,142.600000,6.000000,15.400000
268.200000,142.400000,6.000000,15.400000
268.800000,142.400000,6.000000,15.400000
269.800000,142.400000,6.000000,15.400000
270.600000,142.600000,6.000000,15.400000
271.400000,142.600000,6.000000,15.400000
272.200000,142.800000,6.000000,15.400000
272.800000,142.600000,6.000000,15.400000
273.600000,142.800000,6.000000,15.400000
274.400000,142.800000,6.000000,15.400000
275.200000,142.800000,6.000000,15.400000
275.600000,142.600000,6.000000,15.400000
276.600000,142.600000,6.000000,15.400000
277.600000,143.000000,6.000000,15.000000
278.400000,143.000000,6.000000,15.000000
279.000000,143.000000,6.000000,15.400000
279.800000,143.000000,6.000000,15.400000
280.600000,143.000000,6.000000,15.400000
281.200000,143.000000,6.000000,15.400000
281.800000,143.000000,6.000000,15.400000
282.600000,143.000000,6.000000,15.400000
283.200000,143.200000,6.000000,15.400000
284.000000,143.200000,6.000000,15.400000
284.600000,143.200000,6.000000,15.400000
285.600000,143.200000,6.200000,16.000000
286.400000,143.400000,6.000000,15.400000
287.200000,143.400000,6.000000,15.400000
288.000000,143.400000,6.000000,15.400000
288.600000,143.400000,6.000000,15.400000
289.200000,143.400000,6.000000,15.400000
290.200000,143.600000,6.000000,15.400000
291.000000,143.600000,6.000000,15.400000
291.800000,143.600000,6.000000,15.400000
292.600000,143.800000,6.000000,15.000000
293.200000,143.600000,6.000000,15.400000
294.000000,143.800000,6.000000,15.400000
295.000000,143.800000,6.000000,15.400000
295.800000,143.800000,6.000000,15.400000
296.400000,144.000000,6.000000,15.400000
