252.000000,165.400000,8.800000,14.000000
253.400000,165.000000,9.000000,14.200000
254.800000,164.800000,9.000000,14.200000
256.400000,164.400000,9.000000,14.200000
258.000000,164.000000,9.000000,14.200000
259.200000,163.600000,9.000000,14.200000
260.800000,163.400000,9.000000,14.200000
262.200000,162.400000,9.000000,14.200000
263.200000,162.400000,9.000000,14.200000
264.600000,162.000000,9.000000,14.200000
266.000000,161.400000,9.000000,14.200000
267.400000,160.800000,9.000000,14.200000
268.600000,160.200000,9.000000,14.200000
269.800000,159.600000,9.000000,14.200000
270.600000,158.800000,9.200000,14.600000
270.400000,158.000000,9.200000,14.600000
270.600000,157.600000,9.200000,14.600000
271.400000,157.200000,9.200000,14.600000
271.600000,157.000000,9.000000,14.200000
273.400000,157.200000,9.000000,14.200000
275.200000,156.800000,9.000000,14.200000
276.400000,157.000000,9.400000,14.800000
277.600000,157.000000,9.400000,14.800000
278.400000,156.800000,9.000000,14.200000
277.400000,155.400000,8.600000,13.800000
278.800000,154.200000,8.200000,13.200000
279.800000,153.800000,8.400000,13.400000
281.000000,153.800000,8.600000,13.800000
281.800000,153.200000,9.000000,14.200000
283.200000,153.000000,9.000000,14.200000
285.200000,152.600000,9.000000,14.200000
285.200000,151.800000,9.200000,14.600000
286.000000,152.400000,9.000000,14.200000
286.400000,152.000000,9.000000,14.200000
287.800000,151.400000,9.000000,14.200000
289.200000,150.400000,9.000000,14.200000
290.000000,149.800000,9.000000,14.200000
290.800000,149.200000,9.000000,14.200000
289.400000,147.600000,9.200000,14.600000
289.600000,147.000000,9.000000,14.200000
290.800000,146.400000,9.000000,14.200000
291.400000,146.200000,9.000000,14.200000
292.400000,145.600000,9.000000,14.200000
291.400000,143.400000,9.000000,14.200000
291.000000,141.600000,9.400000,14.800000
291.400000,140.800000,9.800000,15.400000
292.200000,140.200000,9.800000,15.400000
293.200000,139.200000,10.000000,15.800000
294.200000,138.000000,10.000000,15.800000
296.000000,137.400000,9.800000,15.400000
294.600000,134.000000,9.400000,14.800000
295.800000,133.600000,9.000000,14.200000
297.200000,133.200000,9.200000,14.600000
299.200000,133.800000,9.000000,14.200000
301.400000,134.000000,9.000000,14.200000
302.600000,134.200000,9.000000,14.200000
303.800000,134.000000,9.000000,14.200000
304.800000,133.600000,9.400000,14.800000
306.600000,134.200000,9.000000,14.200000
308.000000,133.600000,9.400000,14.800000
308.800000,133.400000,9.400000,14.800000
310.800000,132.800000,9.400000,14.800000
313.200000,132.800000,9.400000,14.800000
314.400000,133.000000,9.600000,15.200000
314.800000,132.800000,10.000000,15.800000
316.000000,132.200000,10.000000,15.800000
317.200000,131.600000,10.000000,15.800000
318.400000,131.600000,9.600000,15.200000
319.200000,130.600000,10.000000,15.800000
319.800000,130.000000,10.400000,16.400000
320.400000,129.200000,10.600000,16.800000
321.400000,129.400000,10.400000,16.400000
322.800000,128.600000,10.000000,15.800000
323.400000,128.200000,10.000000,15.800000
324.400000,127.800000,9.800000,15.400000
326.600000,127.800000,9.400000,14.800000
328.200000,127.600000,9.000000,14.200000
