134.400000,40.400000,6.600000,13.200000
132.600000,40.000000,6.800000,13.800000
131.200000,39.800000,6.800000,13.800000
129.800000,39.800000,6.800000,13.800000
128.800000,39.600000,7.000000,14.000000
127.200000,38.800000,7.000000,14.000000
126.000000,38.600000,6.800000,13.800000
124.400000,38.600000,7.200000,14.200000
122.600000,38.600000,6.800000,13.800000
122.400000,39.200000,6.800000,13.400000
122.000000,39.000000,7.000000,14.000000
120.600000,38.800000,6.800000,13.800000
119.600000,38.000000,6.800000,13.800000
118.000000,37.400000,7.200000,14.200000
116.800000,36.800000,6.800000,13.800000
115.800000,36.200000,6.800000,13.800000
114.400000,35.600000,6.800000,13.800000
113.400000,34.400000,6.800000,13.800000
112.400000,34.200000,6.800000,13.800000
110.600000,33.600000,6.800000,13.800000
109.600000,32.800000,6.800000,13.800000
109.000000,32.600000,7.000000,14.000000
109.200000,32.200000,7.200000,14.600000
111.800000,31.400000,7.600000,15.200000
116.400000,33.800000,7.800000,15.800000
119.800000,35.600000,7.600000,15.200000
122.000000,36.800000,7.800000,15.400000
125.000000,41.600000,7.600000,15.200000
125.600000,44.400000,7.800000,15.400000
126.400000,49.600000,7.400000,14.800000
126.200000,53.600000,7.200000,14.200000
124.800000,54.000000,6.800000,13.800000
123.800000,55.600000,7.000000,14.000000
122.600000,55.600000,7.200000,14.600000
122.800000,59.200000,7.600000,15.200000
123.800000,65.800000,7.200000,14.600000
123.200000,66.400000,7.600000,15.200000
122.800000,68.200000,7.200000,14.600000
121.600000,68.800000,7.200000,14.200000
120.200000,68.400000,7.400000,14.800000
119.400000,68.800000,7.200000,14.200000
118.000000,69.000000,6.800000,13.800000
116.400000,68.600000,6.800000,13.800000
115.000000,68.000000,6.800000,13.800000
113.400000,67.600000,6.800000,13.800000
112.000000,67.000000,6.800000,13.800000
110.600000,66.800000,6.800000,13.800000
108.800000,66.600000,6.800000,13.800000
107.200000,66.400000,6.800000,13.800000
105.800000,66.000000,6.800000,13.800000
104.200000,65.600000,6.800000,13.800000
102.800000,65.000000,6.800000,13.800000
101.000000,65.000000,6.800000,13.800000
99.600000,64.800000,6.800000,13.800000
98.000000,64.200000,6.800000,13.800000
96.600000,64.000000,7.200000,14.200000
95.200000,63.600000,7.000000,14.000000
94.000000,63.600000,6.800000,13.800000
92.400000,63.400000,6.800000,13.800000
90.800000,62.800000,6.800000,13.800000
89.400000,62.200000,6.800000,13.800000
87.800000,61.200000,7.000000,14.000000
86.800000,60.600000,6.800000,13.800000
85.200000,60.400000,6.800000,13.800000
83.600000,60.000000,6.800000,13.800000
82.400000,59.400000,6.800000,13.800000
81.200000,58.800000,6.800000,13.800000
80.000000,57.600000,6.800000,13.800000
78.800000,57.000000,6.800000,13.800000
77.400000,56.600000,6.800000,13.800000
76.200000,56.000000,6.800000,13.800000
74.600000,55.800000,6.800000,13.800000
73.000000,55.400000,6.800000,13.800000
71.800000,54.800000,6.800000,13.800000
70.600000,54.200000,6.800000,13.800000
68.600000,53.800000,6.800000,13.800000
67.400000,53.200000,6.800000,13.800000
65.600000,53.000000,6.800000,13.800000
64.200000,52.400000,6.800000,13.800000
62.800000,52.000000,6.800000,13.800000
61.200000,52.000000,6.800000,13.800000
60.600000,52.400000,6.800000,13.800000
61.800000,57.000000,6.800000,13.400000
62.400000,60.000000,6.800000,13.400000
63.800000,63.000000,7.000000,14.000000
64.000000,65.000000,7.200000,14.600000
63.400000,65.800000,7.000000,14.000000
62.400000,66.000000,6.800000,13.800000
61.600000,65.800000,7.200000,14.200000
60.800000,65.600000,6.800000,13.800000
60.200000,65.800000,6.800000,13.800000
59.000000,65.800000,6.800000,13.800000
57.800000,65.000000,6.800000,13.800000
58.400000,66.400000,6.800000,13.400000
57.600000,66.600000,6.800000,13.800000
56.600000,66.400000,6.800000,13.800000
55.000000,66.600000,6.800000,13.800000
53.400000,66.600000,6.800000,13.800000
52.400000,66.400000,6.800000,13.800000
51.600000,66.800000,6.800000,13.800000
51.400000,66.800000,6.800000,13.800000
53.200000,69.600000,7.000000,14.000000
53.400000,71.600000,6.800000,13.400000
52.400000,71.800000,6.800000,13.800000
51.400000,72.000000,7.200000,14.200000
49.800000,72.000000,6.800000,13.800000
48.800000,71.600000,6.800000,13.800000
47.600000,71.200000,6.800000,13.800000
46.200000,70.200000,6.800000,13.800000
45.400000,70.200000,6.800000,13.400000
45.000000,70.000000,6.800000,13.800000
45.200000,69.800000,6.800000,13.800000
45.800000,70.400000,6.800000,13.400000
45.000000,70.800000,6.800000,13.800000
45.000000,71.600000,7.200000,14.200000
44.400000,72.600000,7.200000,14.200000
44.000000,73.400000,7.200000,14.200000
43.800000,75.000000,7.000000,14.000000
42.600000,75.600000,7.200000,14.200000
41.400000,75.600000,7.200000,14.200000
40.800000,75.400000,6.800000,13.800000
41.000000,75.600000,6.800000,13.800000
44.600000,80.200000,6.800000,13.800000
45.000000,81.400000,7.200000,14.200000
45.600000,83.000000,7.400000,14.800000
45.400000,83.600000,7.600000,15.200000
45.200000,84.600000,7.600000,15.200000
44.200000,84.600000,7.200000,14.600000
44.400000,85.200000,7.400000,14.800000
45.600000,86.600000,7.400000,14.800000
46.400000,88.200000,7.800000,15.400000
47.800000,91.800000,7.600000,15.200000
47.000000,91.600000,7.600000,15.200000
46.400000,92.000000,7.200000,14.600000
45.600000,92.800000,7.000000,14.000000
45.400000,93.000000,6.800000,13.800000
45.400000,93.800000,7.200000,14.200000
45.600000,95.400000,7.200000,14.600000
45.600000,96.000000,7.200000,14.200000
47.600000,99.600000,7.200000,14.600000
47.800000,100.800000,7.600000,15.200000
48.200000,102.400000,7.400000,14.800000
48.600000,103.600000,7.200000,14.200000
