244.000000,93.800000,3.800000,9.200000
244.200000,93.800000,3.800000,9.200000
244.600000,94.800000,3.800000,9.400000
245.000000,95.000000,3.800000,9.000000
245.400000,96.400000,3.600000,8.600000
246.200000,96.600000,3.800000,9.000000
246.400000,96.800000,3.800000,9.400000
246.800000,96.800000,3.800000,9.000000
247.000000,98.400000,3.800000,9.200000
247.200000,98.600000,3.800000,9.400000
247.800000,99.000000,4.000000,9.800000
248.000000,99.400000,4.000000,9.800000
248.000000,99.800000,4.200000,10.000000
248.400000,100.400000,4.000000,9.800000
248.200000,100.200000,4.200000,10.200000
249.000000,101.600000,4.000000,9.800000
249.200000,102.000000,4.200000,10.200000
249.000000,102.800000,4.200000,10.000000
249.200000,102.600000,4.200000,10.400000
249.200000,104.200000,4.200000,10.400000
249.200000,104.200000,4.200000,10.200000
249.600000,105.400000,4.200000,10.400000
249.600000,105.200000,4.400000,10.800000
249.600000,105.600000,4.600000,11.200000
249.400000,106.200000,4.600000,11.200000
249.000000,106.800000,4.800000,11.400000
249.400000,107.600000,5.000000,12.000000
248.600000,108.200000,5.000000,12.200000
248.600000,108.000000,5.000000,12.000000
248.600000,107.800000,5.200000,12.400000
248.600000,108.600000,5.200000,12.400000
248.400000,107.800000,5.200000,12.400000
248.800000,109.600000,5.000000,12.000000
249.000000,110.400000,4.800000,11.400000
248.800000,111.000000,4.800000,11.400000
248.800000,111.800000,4.600000,11.200000
248.800000,112.600000,4.600000,11.200000
248.400000,113.600000,4.400000,10.800000
248.400000,114.000000,4.400000,10.600000
248.400000,114.400000,4.400000,10.600000
248.600000,114.400000,4.200000,10.400000
248.200000,115.200000,4.400000,10.600000
248.200000,116.000000,4.200000,10.200000
248.400000,117.600000,4.000000,9.800000
248.400000,117.800000,4.000000,9.600000
248.400000,118.200000,3.800000,9.200000
248.200000,118.600000,4.000000,9.600000
248.000000,119.000000,4.200000,10.000000
247.800000,119.800000,4.200000,10.200000
247.800000,120.200000,4.200000,10.400000
247.800000,121.000000,4.400000,10.800000
248.200000,121.400000,4.200000,10.400000
248.000000,122.400000,4.200000,10.000000
248.200000,123.400000,4.200000,10.200000
248.600000,123.600000,4.200000,10.200000
248.600000,124.200000,4.400000,10.600000
248.800000,125.200000,4.400000,10.800000
248.800000,125.400000,4.600000,11.000000
248.600000,125.000000,4.800000,11.400000
248.600000,126.000000,4.800000,11.400000
248.200000,126.600000,4.800000,11.600000
248.000000,127.200000,4.800000,11.600000
248.400000,127.600000,4.800000,11.400000
248.600000,128.400000,4.800000,11.400000
249.000000,128.600000,4.800000,11.400000
249.000000,129.000000,4.800000,11.400000
249.000000,130.000000,4.600000,11.200000
249.400000,130.600000,4.600000,11.200000
249.400000,131.400000,4.800000,11.400000
249.400000,132.000000,4.600000,11.000000
249.000000,131.800000,4.600000,11.000000
249.000000,132.600000,4.400000,10.600000
248.800000,133.400000,4.600000,11.000000
249.000000,133.000000,4.400000,10.600000
249.000000,134.800000,4.200000,10.400000
249.000000,135.200000,4.400000,10.800000
248.800000,135.800000,4.600000,11.200000
249.000000,135.800000,4.800000,11.600000
249.200000,135.800000,4.800000,11.600000
249.200000,136.600000,5.000000,12.000000
249.200000,137.800000,4.800000,11.600000
248.800000,138.400000,5.000000,12.000000
248.600000,138.200000,5.000000,12.200000
248.600000,138.400000,5.000000,12.200000
248.200000,138.600000,5.200000,12.400000
248.400000,138.600000,5.200000,12.400000
248.600000,139.600000,5.000000,12.000000
248.200000,140.600000,5.000000,12.200000
248.000000,141.200000,5.000000,12.200000
248.200000,142.200000,4.800000,11.600000
248.200000,142.600000,4.800000,11.400000
248.200000,143.000000,4.800000,11.400000
247.800000,143.000000,4.600000,11.200000
247.400000,144.000000,4.600000,11.200000
246.800000,144.400000,4.600000,11.000000
246.600000,144.600000,4.800000,11.400000
246.600000,144.600000,4.600000,11.000000
246.400000,144.600000,4.800000,11.400000
247.200000,144.400000,4.800000,11.400000
247.800000,143.200000,5.000000,12.000000
247.400000,141.400000,5.200000,12.400000
247.200000,141.200000,5.200000,12.400000
246.600000,140.400000,5.400000,12.800000
247.000000,137.600000,5.600000,13.400000
247.000000,137.400000,5.400000,12.800000
247.000000,137.400000,5.200000,12.600000
247.000000,137.400000,5.200000,12.400000
247.400000,138.000000,5.000000,12.000000
247.600000,138.000000,4.800000,11.400000
248.200000,137.000000,4.800000,11.400000
248.800000,136.000000,4.600000,11.200000
249.000000,135.400000,4.600000,11.000000
249.000000,134.800000,4.800000,11.400000
248.800000,132.600000,4.800000,11.600000
249.200000,130.000000,5.000000,12.200000
249.600000,129.000000,5.000000,12.000000
249.200000,129.000000,5.000000,12.000000
249.000000,127.800000,5.000000,12.200000
249.600000,128.000000,5.000000,12.000000
249.800000,127.200000,5.200000,12.400000
250.200000,126.200000,5.400000,12.800000
250.000000,126.200000,5.600000,13.400000
250.000000,126.200000,5.600000,13.600000
250.200000,126.800000,5.600000,13.600000
250.400000,126.800000,5.600000,13.400000
252.400000,125.600000,5.400000,12.800000
253.800000,124.800000,5.200000,12.400000
254.600000,124.400000,5.000000,12.000000
254.400000,124.600000,5.000000,12.200000
254.600000,125.200000,4.800000,11.600000
254.600000,125.400000,5.000000,12.200000
254.800000,125.600000,5.200000,12.400000
256.000000,125.800000,5.000000,12.000000
256.000000,125.800000,5.200000,12.400000
256.400000,126.600000,5.000000,12.200000
256.800000,126.600000,5.200000,12.600000
257.400000,126.400000,5.000000,12.200000
258.600000,126.800000,4.800000,11.600000
259.600000,125.600000,5.000000,12.200000
260.400000,125.600000,5.000000,12.200000
261.400000,126.000000,4.800000,11.600000
261.600000,127.000000,5.000000,12.000000
261.800000,127.000000,5.200000,12.400000
262.600000,127.800000,5.000000,12.000000
263.400000,127.800000,5.200000,12.400000
264.600000,128.200000,5.200000,12.600000
265.400000,128.200000,5.400000,12.800000
266.400000,128.200000,5.400000,13.200000
267.800000,127.200000,5.600000,13.400000
268.400000,127.000000,5.600000,13.600000
