232.600000,87.600000,7.000000,14.200000
231.200000,86.400000,7.200000,14.800000
229.200000,85.400000,7.200000,14.400000
228.000000,84.600000,7.200000,14.800000
226.800000,83.800000,7.200000,14.800000
225.000000,83.200000,7.400000,15.000000
224.200000,82.400000,7.200000,14.800000
221.800000,81.400000,7.200000,14.400000
220.800000,80.800000,7.200000,14.800000
218.600000,79.800000,7.400000,15.000000
216.800000,79.400000,7.400000,15.000000
216.400000,78.400000,7.800000,15.600000
213.600000,77.400000,7.800000,16.000000
213.000000,77.200000,7.800000,16.000000
211.200000,77.000000,7.600000,15.400000
210.600000,76.800000,7.200000,14.800000
210.600000,76.000000,7.600000,15.400000
210.600000,75.800000,7.200000,14.800000
209.200000,75.400000,7.200000,14.800000
207.800000,74.600000,7.400000,15.000000
207.000000,74.000000,7.600000,15.400000
205.800000,73.400000,7.200000,14.800000
204.400000,72.800000,7.200000,14.800000
203.400000,72.400000,7.200000,14.800000
201.800000,71.400000,7.200000,14.800000
199.600000,71.200000,7.400000,15.000000
198.400000,70.800000,7.200000,14.800000
196.200000,69.800000,7.200000,14.800000
194.800000,69.000000,7.600000,15.400000
193.000000,68.400000,7.800000,15.600000
191.000000,68.000000,7.800000,15.600000
189.000000,67.200000,8.000000,16.400000
186.400000,66.400000,8.200000,16.600000
185.200000,65.200000,7.800000,16.000000
183.800000,64.800000,7.600000,15.400000
182.200000,64.200000,7.800000,15.600000
181.200000,63.600000,7.800000,15.600000
177.600000,62.600000,8.000000,16.400000
176.600000,62.200000,8.200000,16.600000
174.800000,60.600000,7.800000,16.000000
173.200000,59.800000,8.200000,16.600000
172.800000,59.200000,8.200000,16.600000
170.000000,58.200000,8.000000,16.400000
168.800000,58.000000,7.800000,16.000000
167.000000,57.200000,8.200000,16.600000
165.600000,57.000000,7.800000,16.000000
164.200000,56.800000,7.800000,15.600000
162.400000,57.000000,7.600000,15.400000
161.600000,56.800000,7.400000,15.000000
160.400000,56.400000,7.400000,15.000000
158.800000,56.000000,7.600000,15.400000
157.400000,55.200000,7.400000,15.000000
155.600000,55.000000,7.800000,15.600000
154.000000,54.400000,7.600000,15.400000
152.800000,54.800000,7.200000,14.800000
150.800000,54.800000,7.400000,15.000000
148.800000,55.200000,7.800000,15.600000
146.600000,57.800000,7.400000,15.000000
144.800000,58.600000,7.800000,15.600000
143.600000,58.600000,7.400000,15.000000
143.200000,58.800000,7.200000,14.800000
142.800000,58.800000,7.400000,15.000000
141.600000,58.800000,7.800000,15.600000
140.400000,58.800000,7.400000,15.000000
140.000000,58.600000,7.400000,15.000000
139.000000,58.200000,7.800000,15.600000
138.600000,57.800000,7.800000,16.000000
139.000000,57.800000,7.600000,15.400000
139.000000,57.200000,7.800000,16.000000
139.400000,56.800000,7.800000,15.600000
139.800000,56.400000,7.400000,15.000000
139.600000,55.800000,7.800000,15.600000
139.600000,55.800000,7.400000,15.000000
140.000000,55.600000,7.400000,15.000000
140.600000,55.600000,7.800000,15.600000
142.400000,55.800000,7.600000,15.400000
143.200000,55.600000,7.800000,16.000000
143.800000,56.200000,7.800000,16.000000
144.000000,56.800000,7.800000,15.600000
143.600000,56.200000,7.800000,16.000000
144.000000,56.200000,7.800000,15.600000
143.800000,55.800000,7.800000,16.000000
143.800000,55.600000,7.600000,15.400000
144.000000,55.600000,7.800000,15.600000
143.800000,55.600000,8.000000,16.400000
143.800000,56.000000,8.000000,16.400000
143.600000,56.200000,7.800000,16.000000
143.600000,57.000000,7.600000,15.400000
143.800000,57.400000,7.200000,14.800000
144.000000,57.400000,7.200000,14.400000
144.400000,57.400000,6.800000,14.000000
144.200000,57.200000,7.200000,14.400000
144.200000,57.400000,6.800000,14.000000
144.200000,57.800000,6.800000,14.000000
144.000000,58.400000,6.800000,14.000000
143.400000,58.600000,7.200000,14.400000
143.200000,58.400000,7.400000,15.000000
143.600000,58.400000,7.200000,14.800000
143.600000,58.400000,7.200000,14.800000
143.600000,58.400000,7.200000,14.800000
143.600000,58.400000,7.000000,14.200000
143.600000,58.600000,6.800000,14.000000
143.400000,58.400000,6.800000,14.000000
143.400000,57.800000,7.200000,14.400000
143.600000,57.400000,7.200000,14.400000
144.000000,57.400000,7.200000,14.400000
145.000000,57.400000,6.800000,14.000000
146.000000,57.800000,6.800000,14.000000
146.400000,58.400000,6.800000,14.000000
146.600000,59.000000,7.200000,14.400000
147.600000,59.800000,6.800000,14.000000
148.600000,59.800000,7.200000,14.400000
150.400000,60.400000,7.200000,14.800000
151.600000,60.600000,7.600000,15.400000
152.400000,61.000000,7.800000,15.600000
154.200000,61.600000,7.400000,15.000000
156.200000,61.800000,7.800000,15.600000
158.000000,61.800000,7.800000,16.000000
160.000000,61.800000,7.800000,16.000000
162.000000,62.400000,7.800000,15.600000
163.800000,62.400000,8.000000,16.400000
166.000000,62.400000,8.400000,17.000000
168.600000,63.400000,8.000000,16.400000
170.200000,64.000000,8.000000,16.400000
172.000000,64.800000,7.800000,16.000000
173.800000,64.800000,8.200000,16.600000
176.000000,65.200000,8.200000,16.600000
177.600000,65.800000,7.800000,16.000000
178.800000,66.200000,7.800000,16.000000
178.600000,67.000000,8.200000,16.600000
177.800000,67.200000,8.400000,17.000000
177.400000,67.400000,8.000000,16.400000
177.200000,67.200000,8.400000,17.000000
177.000000,66.800000,8.200000,16.600000
177.200000,66.800000,7.800000,16.000000
177.200000,66.400000,8.200000,16.600000
176.800000,66.000000,8.200000,16.600000
176.600000,66.200000,8.000000,16.400000
176.400000,66.000000,8.200000,16.600000
176.400000,65.800000,8.000000,16.400000
176.200000,65.800000,7.800000,16.000000
175.400000,65.800000,8.000000,16.400000
174.000000,65.600000,8.400000,17.000000
173.000000,65.800000,8.600000,17.400000
172.800000,66.600000,8.400000,17.000000
172.600000,67.400000,8.000000,16.400000
171.800000,68.000000,8.400000,17.000000
171.400000,68.600000,8.600000,17.400000
171.800000,69.200000,8.400000,17.000000
172.600000,69.800000,8.200000,16.600000
173.600000,70.600000,7.800000,16.000000
174.200000,71.000000,8.000000,16.400000
174.400000,71.400000,7.800000,15.600000
173.000000,72.600000,7.600000,15.400000
171.800000,74.600000,7.600000,15.400000
169.200000,76.800000,7.600000,15.400000
171.000000,77.800000,7.400000,15.000000
172.800000,78.000000,7.800000,15.600000
174.000000,78.800000,7.800000,16.000000
175.400000,80.000000,8.200000,16.600000
177.600000,81.600000,8.200000,16.600000
180.000000,83.600000,8.600000,17.400000
181.800000,85.000000,8.400000,17.000000
183.800000,87.000000,8.200000,16.600000
185.800000,88.800000,8.400000,17.000000
188.200000,91.400000,8.400000,17.000000
189.800000,93.200000,8.400000,17.000000
192.600000,95.400000,8.800000,17.600000
194.600000,97.000000,8.400000,17.000000
196.400000,97.200000,8.400000,17.000000
198.200000,97.400000,8.800000,17.600000
199.400000,97.600000,8.400000,17.000000
200.800000,98.800000,8.600000,17.400000
202.200000,99.200000,8.600000,17.400000
204.400000,100.200000,8.600000,17.400000
207.000000,100.800000,8.200000,16.600000
209.000000,101.600000,7.800000,16.000000
210.600000,102.800000,8.200000,16.600000
212.600000,104.000000,7.800000,16.000000
214.600000,105.600000,7.800000,16.000000
217.000000,107.000000,7.800000,15.600000
218.600000,107.600000,8.000000,16.400000
220.400000,108.600000,7.800000,16.000000
222.400000,109.400000,7.800000,16.000000
224.400000,110.200000,7.600000,15.400000
226.400000,110.400000,7.400000,15.000000
228.000000,110.600000,7.400000,15.000000
229.400000,111.400000,7.200000,14.800000
230.800000,112.000000,7.400000,15.000000
232.600000,112.800000,7.800000,15.600000
234.200000,113.200000,7.800000,15.600000
235.400000,113.800000,8.000000,16.400000
237.200000,114.600000,7.800000,15.600000
238.800000,115.600000,7.800000,15.600000
240.600000,116.200000,7.800000,16.000000
242.400000,116.800000,7.800000,15.600000
243.600000,117.600000,8.000000,16.400000
245.000000,118.400000,7.800000,16.000000
246.600000,119.800000,7.800000,16.000000
248.200000,120.600000,7.800000,16.000000
