317.000000,40.200000,13.400000,42.000000
316.200000,41.000000,13.200000,41.200000
316.400000,40.600000,13.400000,42.000000
308.400000,44.600000,13.200000,41.600000
305.600000,47.000000,13.200000,41.200000
303.200000,47.800000,13.200000,41.200000
300.400000,49.000000,12.800000,40.400000
297.200000,50.600000,12.800000,40.000000
293.600000,54.400000,12.400000,39.200000
291.600000,55.800000,12.200000,38.400000
284.800000,59.800000,12.000000,37.600000
284.600000,59.200000,12.000000,37.600000
284.200000,58.600000,12.200000,38.400000
273.200000,62.200000,12.400000,38.800000
272.200000,62.600000,12.400000,39.200000
271.600000,64.200000,12.400000,38.800000
264.000000,63.800000,12.600000,39.600000
259.200000,65.200000,12.800000,40.400000
256.400000,65.400000,13.200000,41.200000
252.400000,66.600000,13.400000,42.000000
248.400000,68.400000,13.600000,42.800000
244.000000,67.200000,14.000000,43.800000
239.600000,69.200000,13.800000,43.200000
235.400000,71.800000,13.600000,42.400000
232.000000,74.000000,13.600000,42.400000
227.800000,75.400000,13.600000,42.400000
225.000000,76.000000,13.800000,43.200000
221.000000,76.400000,14.000000,44.200000
217.400000,78.400000,14.000000,44.200000
215.000000,79.400000,14.000000,44.200000
211.600000,83.200000,14.200000,44.600000
208.200000,84.800000,14.400000,45.000000
204.400000,84.800000,14.600000,46.000000
200.400000,85.000000,15.000000,46.800000
197.400000,87.200000,14.600000,46.000000
193.200000,90.800000,14.800000,46.400000
188.800000,93.400000,14.800000,46.400000
185.800000,92.400000,14.800000,46.400000
181.600000,93.400000,15.000000,47.400000
178.000000,94.000000,15.400000,48.200000
176.000000,96.600000,15.200000,47.800000
174.000000,99.400000,15.000000,46.800000
174.000000,101.600000,14.800000,46.400000
177.800000,101.400000,15.000000,46.800000
173.000000,106.800000,14.800000,46.400000
173.400000,102.800000,15.000000,47.400000
175.600000,103.800000,15.400000,48.200000
172.400000,107.200000,15.800000,49.200000
172.000000,109.400000,15.600000,48.800000
170.600000,109.600000,15.600000,48.800000
168.600000,111.200000,15.800000,49.200000
169.200000,113.000000,15.600000,48.800000
169.400000,115.800000,15.600000,48.800000
168.600000,118.200000,15.400000,48.200000
167.800000,117.400000,15.800000,49.200000
166.000000,118.800000,15.800000,49.800000
164.000000,121.000000,15.800000,49.800000
162.600000,121.800000,16.200000,50.800000
161.400000,123.800000,16.200000,50.800000
160.800000,125.400000,16.400000,51.200000
159.000000,126.600000,16.200000,50.800000
157.200000,127.600000,16.400000,51.200000
156.000000,129.200000,16.600000,52.200000
155.800000,131.000000,17.000000,53.400000
154.800000,133.600000,17.000000,53.400000
152.600000,135.000000,17.000000,53.400000
152.400000,135.200000,16.800000,52.800000
149.600000,136.600000,17.200000,53.800000
146.200000,138.000000,17.000000,53.400000
141.400000,140.600000,17.200000,53.800000
140.000000,142.200000,16.800000,52.800000
136.800000,142.000000,16.600000,52.200000
136.800000,145.000000,16.600000,52.200000
135.600000,145.800000,17.000000,53.400000
142.400000,144.400000,17.200000,53.800000
140.600000,152.200000,17.200000,53.800000
139.800000,149.400000,17.000000,53.400000
136.200000,148.200000,17.400000,54.400000
132.200000,146.200000,17.400000,54.400000
131.400000,143.200000,17.800000,55.400000
129.400000,138.200000,17.800000,55.400000
127.800000,134.400000,18.000000,56.600000
123.800000,131.400000,18.200000,57.200000
113.600000,146.000000,18.600000,58.400000
113.600000,133.600000,18.400000,57.800000
107.000000,124.800000,18.800000,59.000000
108.200000,121.800000,19.200000,60.000000
107.400000,123.200000,19.000000,59.400000
105.600000,120.400000,18.800000,59.000000
93.400000,127.000000,19.000000,59.400000
100.400000,121.400000,19.400000,60.600000
107.600000,119.800000,19.400000,60.600000
113.600000,119.400000,19.000000,59.400000
118.600000,120.400000,18.600000,58.400000
124.200000,117.200000,18.400000,57.800000
105.800000,122.800000,18.200000,57.200000
107.000000,121.000000,18.000000,56.600000
107.400000,120.600000,18.400000,57.800000
109.800000,120.200000,18.600000,58.400000
107.800000,122.400000,18.400000,57.800000
108.000000,123.600000,18.000000,56.600000
108.200000,122.600000,18.400000,57.800000
110.400000,122.400000,18.400000,57.800000
111.000000,117.800000,18.800000,59.000000
109.800000,117.800000,19.000000,59.400000
106.600000,117.800000,19.200000,60.000000
105.600000,118.400000,18.800000,59.000000
105.400000,119.800000,19.200000,60.000000
106.200000,121.800000,18.800000,59.000000
107.600000,118.800000,18.400000,57.800000
105.800000,113.000000,18.400000,57.800000
101.200000,119.800000,18.400000,57.800000
103.600000,118.600000,18.000000,56.600000
104.600000,118.600000,18.000000,56.600000
101.200000,126.800000,18.200000,57.200000
