149.200000,93.000000,14.600000,43.200000
149.400000,93.200000,14.600000,43.200000
149.200000,93.600000,14.600000,43.200000
148.600000,94.000000,14.600000,43.200000
149.000000,94.200000,14.400000,42.400000
148.000000,93.800000,14.800000,44.000000
147.800000,94.800000,14.800000,44.000000
147.200000,95.400000,15.200000,45.000000
147.400000,96.200000,14.800000,44.000000
147.000000,96.200000,15.400000,45.800000
146.200000,95.400000,15.800000,46.800000
145.800000,96.000000,15.800000,46.800000
145.000000,96.800000,16.200000,47.600000
144.200000,97.400000,15.800000,46.800000
141.800000,97.400000,16.400000,48.600000
141.000000,96.800000,16.400000,48.600000
141.000000,97.200000,16.200000,47.600000
140.400000,98.200000,16.200000,47.600000
139.400000,99.200000,15.800000,46.800000
139.200000,99.200000,15.800000,46.800000
139.400000,99.000000,15.800000,46.800000
140.200000,98.800000,16.200000,47.600000
142.000000,99.200000,15.800000,46.800000
144.200000,100.000000,15.800000,46.800000
145.000000,100.000000,16.400000,48.600000
146.800000,99.800000,16.200000,47.600000
149.200000,99.000000,15.400000,45.800000
151.000000,99.600000,15.200000,45.000000
152.400000,101.200000,14.600000,43.200000
153.800000,101.200000,14.600000,43.200000
155.800000,101.800000,14.400000,42.400000
156.800000,101.400000,14.400000,42.400000
158.600000,101.400000,14.400000,42.400000
159.200000,102.000000,14.600000,43.200000
159.800000,102.800000,15.200000,45.000000
160.200000,103.000000,15.800000,46.800000
160.800000,102.200000,16.400000,48.600000
162.000000,102.400000,16.400000,48.600000
162.800000,103.800000,15.800000,46.800000
164.000000,104.800000,15.800000,46.800000
164.800000,105.200000,15.400000,45.800000
164.600000,104.200000,15.800000,46.800000
165.200000,104.200000,15.800000,46.800000
165.200000,104.800000,15.800000,46.800000
164.600000,105.400000,16.400000,48.600000
164.000000,104.600000,16.800000,49.600000
164.600000,103.400000,16.400000,48.600000
164.800000,102.600000,15.800000,46.800000
165.400000,102.600000,16.400000,48.600000
165.200000,102.600000,16.800000,49.600000
166.600000,102.000000,16.400000,48.600000
166.600000,100.000000,17.200000,50.600000
167.600000,99.800000,16.400000,48.600000
167.400000,99.600000,16.400000,48.600000
168.000000,100.800000,16.200000,47.600000
168.000000,101.200000,15.800000,46.800000
168.800000,101.200000,15.400000,45.800000
169.800000,100.200000,15.800000,46.800000
170.200000,100.800000,15.800000,46.800000
170.600000,101.800000,16.400000,48.600000
171.600000,103.000000,16.200000,47.600000
172.800000,102.800000,16.200000,47.600000
173.200000,101.200000,16.800000,49.600000
173.800000,101.000000,16.400000,48.600000
174.400000,102.400000,15.800000,46.800000
174.200000,102.800000,16.200000,47.600000
174.200000,102.400000,16.200000,47.600000
174.600000,100.600000,16.200000,47.600000
174.800000,99.600000,16.400000,48.600000
176.600000,99.400000,16.200000,47.600000
181.000000,98.200000,16.200000,47.600000
183.400000,96.400000,16.200000,47.600000
186.800000,93.600000,16.400000,48.600000
190.000000,91.800000,15.800000,46.800000
192.400000,91.200000,16.200000,47.600000
193.200000,91.400000,16.400000,48.600000
194.200000,92.000000,16.400000,48.600000
195.000000,92.200000,16.200000,47.600000
197.400000,91.800000,16.200000,47.600000
198.200000,92.400000,15.800000,46.800000
200.400000,94.200000,15.800000,46.800000
202.800000,96.000000,15.800000,46.800000
205.600000,96.400000,15.800000,46.800000
207.800000,95.800000,16.400000,48.600000
210.200000,97.200000,16.200000,47.600000
212.000000,98.400000,16.200000,47.600000
213.000000,99.000000,16.400000,48.600000
213.600000,99.200000,16.400000,48.600000
215.200000,99.200000,16.200000,47.600000
215.400000,98.800000,16.400000,48.600000
216.600000,99.400000,16.400000,48.600000
217.200000,100.800000,16.200000,47.600000
218.200000,101.200000,16.200000,47.600000
219.200000,100.400000,16.200000,47.600000
219.600000,100.600000,16.200000,47.600000
220.800000,101.000000,15.800000,46.800000
220.600000,102.800000,15.800000,46.800000
221.400000,103.400000,15.800000,46.800000
222.400000,102.800000,16.200000,47.600000
222.800000,102.000000,16.400000,48.600000
223.400000,102.000000,16.200000,47.600000
222.800000,103.200000,15.800000,46.800000
221.400000,103.000000,16.200000,47.600000
221.600000,101.400000,16.400000,48.600000
221.400000,100.400000,16.200000,47.600000
220.800000,99.800000,15.800000,46.800000
219.800000,100.200000,15.800000,46.800000
218.800000,99.800000,15.800000,46.800000
217.200000,98.400000,16.400000,48.600000
