225.000000,135.800000,24.000000,41.400000
226.800000,137.400000,23.000000,39.800000
229.400000,137.400000,22.600000,39.000000
231.200000,138.200000,21.800000,37.400000
233.600000,137.600000,22.200000,38.200000
232.000000,135.000000,21.800000,37.400000
231.400000,132.400000,22.200000,38.200000
234.600000,130.400000,22.600000,39.000000
237.400000,128.000000,23.000000,39.800000
238.800000,127.600000,23.000000,39.800000
241.000000,126.200000,22.600000,39.000000
237.200000,124.000000,22.200000,38.200000
234.800000,115.200000,21.400000,36.800000
225.000000,103.400000,22.200000,38.200000
219.000000,105.600000,21.800000,37.400000
214.000000,111.400000,22.200000,38.200000
214.600000,118.200000,21.800000,37.400000
217.200000,122.800000,21.800000,37.400000
220.000000,123.200000,22.200000,38.200000
221.200000,120.800000,22.600000,39.000000
225.600000,117.600000,23.600000,40.600000
228.200000,116.400000,23.000000,39.800000
230.800000,117.200000,22.600000,39.000000
233.400000,117.200000,23.000000,39.800000
235.600000,115.600000,22.200000,38.200000
237.600000,113.800000,21.800000,37.400000
239.800000,111.600000,22.600000,39.000000
242.000000,111.400000,22.600000,39.000000
239.600000,109.200000,23.000000,39.800000
237.200000,107.800000,22.200000,38.200000
233.800000,106.600000,21.400000,36.800000
232.000000,103.600000,22.200000,38.200000
231.400000,102.200000,22.200000,38.200000
232.600000,100.800000,23.000000,39.800000
234.800000,100.000000,23.000000,39.800000
233.000000,98.400000,23.000000,39.800000
229.000000,96.000000,23.600000,40.600000
229.000000,95.200000,23.600000,40.600000
230.400000,95.000000,22.600000,39.000000
231.800000,92.800000,22.600000,39.000000
232.600000,92.800000,22.600000,39.000000
232.600000,91.600000,22.600000,39.000000
234.000000,90.000000,22.200000,38.200000
232.400000,90.800000,22.600000,39.000000
232.600000,91.600000,22.600000,39.000000
234.400000,89.800000,22.200000,38.200000
235.800000,90.600000,21.800000,37.400000
236.000000,91.200000,22.600000,39.000000
237.000000,92.800000,22.200000,38.200000
236.400000,94.200000,22.200000,38.200000
242.600000,96.400000,23.000000,39.800000
245.400000,94.400000,24.000000,41.400000
247.800000,95.800000,23.600000,40.600000
250.000000,97.000000,23.600000,40.600000
252.400000,97.400000,24.400000,42.200000
254.400000,100.000000,25.400000,44.000000
261.600000,100.000000,24.400000,42.200000
259.800000,98.400000,25.400000,44.000000
265.200000,97.000000,24.400000,42.200000
264.800000,96.400000,25.400000,44.000000
262.600000,98.400000,24.400000,42.200000
260.200000,97.400000,25.400000,44.000000
258.800000,98.400000,25.000000,43.000000
260.800000,98.600000,24.400000,42.200000
260.600000,98.200000,24.400000,42.200000
258.600000,99.600000,25.400000,44.000000
259.000000,99.400000,25.400000,44.000000
258.800000,98.800000,26.400000,45.800000
259.400000,96.800000,27.000000,46.600000
259.200000,94.600000,28.200000,48.600000
258.800000,94.400000,27.000000,46.600000
261.200000,92.400000,27.600000,47.600000
260.800000,91.200000,28.600000,49.400000
261.600000,92.800000,27.600000,47.600000
260.600000,93.400000,27.000000,46.600000
259.000000,96.000000,26.000000,44.800000
258.800000,94.800000,27.000000,46.600000
260.200000,94.200000,27.000000,46.600000
263.000000,93.800000,27.000000,46.600000
266.400000,92.000000,26.400000,45.800000
269.600000,90.200000,27.600000,47.600000
274.200000,88.200000,27.000000,46.600000
277.000000,87.600000,27.600000,47.600000
280.600000,87.200000,27.600000,47.600000
283.200000,85.600000,27.000000,46.600000
287.400000,86.000000,27.000000,46.600000
291.400000,85.400000,27.600000,47.600000
286.400000,81.600000,28.600000,49.400000
290.800000,81.800000,27.600000,47.600000
293.800000,79.400000,27.000000,46.600000
289.600000,80.000000,28.200000,48.600000
292.200000,76.800000,28.600000,49.400000
294.200000,77.000000,27.600000,47.600000
288.400000,79.400000,27.000000,46.600000
279.800000,82.600000,26.000000,44.800000
280.000000,83.800000,25.400000,44.000000
285.200000,81.000000,26.000000,44.800000
285.800000,79.800000,27.000000,46.600000
277.200000,79.600000,28.200000,48.600000
274.800000,77.400000,29.200000,50.400000
275.800000,76.600000,29.800000,51.400000
275.600000,75.600000,30.400000,52.600000
279.400000,75.200000,29.200000,50.400000
282.800000,75.200000,29.800000,51.400000
284.600000,73.000000,29.800000,51.400000
287.800000,70.200000,29.800000,51.400000
291.400000,67.200000,29.800000,51.400000
293.200000,65.200000,29.800000,51.400000
293.600000,67.200000,28.600000,49.400000
296.000000,66.400000,29.200000,50.400000
299.400000,67.200000,30.400000,52.600000
302.200000,66.600000,30.400000,52.600000
306.200000,66.800000,29.800000,51.400000
311.000000,68.000000,29.800000,51.400000
314.400000,66.000000,31.000000,53.600000
319.800000,68.600000,29.800000,51.400000
324.800000,69.600000,30.400000,52.600000
324.200000,71.000000,30.400000,52.600000
326.000000,72.200000,31.600000,54.600000
327.000000,71.000000,30.400000,52.600000
319.000000,69.200000,31.600000,54.600000
324.600000,69.000000,30.400000,52.600000
327.200000,68.600000,30.400000,52.600000
322.400000,67.600000,29.800000,51.400000
313.800000,58.200000,29.200000,50.400000
318.400000,59.400000,29.800000,51.400000
314.400000,54.600000,29.200000,50.400000
310.000000,50.400000,29.800000,51.400000
295.200000,45.400000,31.000000,53.600000
279.600000,40.400000,30.400000,52.600000
274.800000,40.400000,29.800000,51.400000
264.800000,39.200000,31.000000,53.600000
263.000000,39.400000,31.600000,54.600000
262.600000,43.600000,30.400000,52.600000
256.400000,43.800000,31.600000,54.600000
253.200000,44.200000,31.600000,54.600000
256.400000,45.000000,31.000000,53.600000
256.200000,43.000000,31.600000,54.600000
255.800000,42.600000,33.000000,56.800000
255.000000,39.600000,33.000000,56.800000
255.000000,35.800000,32.400000,55.800000
252.600000,25.600000,33.000000,56.800000
252.800000,25.200000,32.400000,55.800000
257.200000,28.800000,31.000000,53.600000
263.200000,32.400000,31.000000,53.600000
268.000000,34.000000,31.600000,54.600000
