199.000000,54.800000,74.800000,96.400000
200.400000,55.600000,74.800000,96.400000
202.600000,56.800000,76.200000,98.400000
205.200000,57.400000,74.800000,96.400000
202.000000,55.200000,77.800000,100.200000
201.200000,56.800000,74.800000,96.400000
200.200000,54.600000,74.800000,96.400000
183.200000,27.200000,74.800000,96.400000
175.800000,21.200000,77.800000,100.200000
171.400000,21.000000,77.800000,100.200000
169.600000,22.200000,74.800000,96.400000
169.800000,22.800000,71.800000,92.600000
167.800000,21.200000,74.800000,96.400000
165.600000,20.800000,76.200000,98.400000
164.400000,20.600000,76.200000,98.400000
162.600000,20.000000,76.200000,98.400000
162.200000,20.800000,74.800000,96.400000
161.200000,20.400000,74.800000,96.400000
160.200000,20.600000,73.400000,94.600000
158.000000,19.600000,74.800000,96.400000
155.800000,20.000000,73.400000,94.600000
153.400000,19.800000,74.800000,96.400000
150.400000,18.600000,76.200000,98.400000
150.600000,19.000000,74.800000,96.400000
148.400000,19.000000,74.800000,96.400000
144.600000,18.600000,76.200000,98.400000
139.000000,17.600000,77.800000,100.200000
134.400000,17.400000,76.200000,98.400000
132.000000,16.800000,77.800000,100.200000
135.200000,15.400000,74.800000,96.400000
142.800000,14.800000,76.200000,98.400000
157.600000,17.800000,76.200000,98.400000
169.600000,20.400000,74.800000,96.400000
174.400000,20.000000,77.800000,100.200000
184.000000,21.600000,74.800000,96.400000
192.000000,21.400000,76.200000,98.400000
204.000000,22.600000,76.200000,98.400000
218.000000,23.400000,77.800000,100.200000
233.200000,25.400000,77.800000,100.200000
247.800000,28.400000,74.800000,96.400000
244.600000,28.000000,74.800000,96.400000
183.000000,16.400000,77.800000,100.200000
152.800000,13.000000,77.800000,100.200000
121.800000,8.600000,79.400000,102.400000
100.400000,6.400000,77.800000,100.200000
83.800000,3.800000,77.800000,100.200000
72.800000,2.600000,76.200000,98.400000
77.000000,5.400000,77.800000,100.200000
102.000000,11.400000,77.800000,100.200000
128.400000,19.200000,74.800000,96.400000
133.200000,23.600000,77.800000,100.200000
143.200000,26.800000,77.800000,100.200000
155.200000,27.800000,74.800000,96.400000
159.600000,28.800000,76.200000,98.400000
162.600000,27.400000,77.800000,100.200000
165.000000,27.800000,76.200000,98.400000
169.800000,25.200000,77.800000,100.200000
170.800000,23.200000,77.800000,100.200000
171.600000,24.800000,76.200000,98.400000
170.800000,26.400000,73.400000,94.600000
162.400000,26.600000,76.200000,98.400000
152.200000,27.800000,77.800000,100.200000
138.600000,26.800000,77.800000,100.200000
135.800000,9.800000,77.800000,100.200000
137.200000,0.200000,81.000000,104.400000
142.000000,0.200000,84.200000,108.600000
