142.600000,26.600000,31.800000,41.800000
141.600000,26.800000,31.800000,41.800000
140.200000,27.200000,31.800000,41.800000
139.200000,28.000000,31.200000,41.000000
137.600000,27.400000,31.800000,41.800000
136.800000,26.800000,31.800000,41.800000
136.400000,27.200000,31.800000,41.800000
136.200000,27.800000,31.200000,41.000000
135.000000,26.800000,32.400000,42.600000
131.000000,27.400000,33.000000,43.400000
130.000000,27.600000,31.800000,41.800000
127.000000,26.400000,31.800000,41.800000
122.400000,25.400000,31.800000,41.800000
109.600000,25.600000,32.400000,42.600000
98.400000,23.400000,33.000000,43.400000
88.400000,22.800000,33.000000,43.400000
76.400000,23.400000,31.800000,41.800000
69.800000,23.000000,32.400000,42.600000
55.600000,22.600000,33.800000,44.400000
45.400000,25.000000,32.400000,42.600000
44.800000,23.400000,33.000000,43.400000
46.200000,23.200000,33.000000,43.400000
54.000000,21.800000,33.000000,43.400000
90.200000,4.200000,33.800000,44.400000
174.200000,6.600000,33.800000,39.200000
246.000000,12.200000,32.000000,40.800000
247.000000,19.600000,31.000000,39.600000
241.800000,44.800000,33.200000,38.800000
182.800000,104.400000,31.400000,36.800000
153.600000,136.800000,30.600000,38.000000
131.800000,159.200000,32.000000,40.600000
116.600000,130.200000,32.400000,41.800000
85.000000,87.400000,33.800000,38.400000
49.600000,53.600000,33.000000,43.400000
48.600000,43.600000,32.400000,42.600000
46.600000,43.600000,32.400000,42.600000
46.600000,37.200000,32.400000,42.600000
55.200000,28.800000,31.800000,41.800000
62.200000,23.600000,32.400000,42.600000
65.000000,24.800000,33.000000,43.400000
69.800000,29.200000,32.400000,42.600000
71.400000,25.800000,33.000000,43.400000
74.000000,27.200000,33.000000,43.400000
83.400000,46.600000,33.000000,43.400000
89.200000,50.000000,32.400000,42.600000
91.400000,49.200000,33.000000,43.400000
91.800000,52.600000,33.800000,44.400000
89.800000,77.000000,33.800000,44.400000
87.200000,77.600000,34.400000,45.200000
87.000000,21.400000,34.400000,45.200000
87.400000,10.800000,33.000000,43.400000
85.200000,54.400000,33.800000,44.400000
95.200000,51.600000,33.800000,44.400000
95.600000,45.800000,33.800000,44.400000
95.400000,47.000000,33.000000,43.400000
95.400000,47.800000,32.400000,42.600000
94.200000,46.800000,33.800000,44.400000
95.000000,47.600000,33.000000,43.400000
96.400000,49.000000,31.800000,41.800000
95.800000,50.800000,33.000000,43.400000
99.000000,68.400000,33.800000,44.400000
96.400000,104.800000,33.800000,44.400000
94.400000,141.400000,34.400000,45.200000
94.200000,161.200000,33.000000,43.400000
94.400000,135.000000,34.400000,45.200000
95.000000,93.400000,33.800000,44.400000
95.600000,62.000000,33.800000,44.400000
97.200000,47.400000,33.000000,43.400000
92.200000,50.600000,33.000000,43.400000
89.200000,50.000000,33.800000,44.400000
90.400000,49.400000,33.000000,43.400000
91.000000,48.400000,34.400000,45.200000
91.000000,50.600000,33.000000,43.400000
88.800000,51.400000,33.000000,43.400000
87.200000,50.400000,33.800000,44.400000
86.600000,50.400000,33.800000,44.400000
87.600000,50.800000,33.800000,44.400000
93.400000,51.200000,33.000000,43.400000
108.200000,52.600000,33.000000,43.400000
131.000000,53.600000,32.400000,42.600000
147.800000,52.400000,32.400000,42.600000
160.400000,54.000000,31.200000,41.000000
173.200000,56.800000,31.800000,41.800000
188.200000,57.600000,31.800000,41.800000
205.800000,60.600000,32.400000,42.600000
224.800000,62.600000,32.400000,42.600000
218.600000,84.600000,32.400000,42.600000
191.000000,101.800000,32.400000,42.600000
158.600000,98.200000,33.800000,44.400000
181.800000,103.000000,32.400000,42.600000
211.600000,106.000000,33.800000,44.400000
244.400000,91.600000,34.400000,45.200000
275.400000,84.200000,35.200000,46.200000
303.000000,69.600000,35.800000,47.000000
295.200000,66.800000,37.400000,44.200000
237.600000,67.200000,36.000000,44.000000
182.600000,73.400000,36.400000,45.400000
185.200000,72.600000,36.600000,44.200000
188.800000,68.400000,34.800000,45.200000
201.800000,67.800000,34.600000,45.800000
