186.400000,37.400000,22.600000,29.800000
187.800000,37.400000,22.600000,29.800000
191.200000,37.800000,22.600000,29.800000
192.800000,38.800000,21.800000,28.600000
192.600000,38.200000,22.600000,29.800000
193.800000,38.000000,22.600000,29.800000
198.600000,39.600000,23.000000,30.400000
192.200000,39.400000,23.600000,31.000000
192.400000,39.800000,23.000000,30.400000
192.400000,40.000000,23.000000,30.400000
192.000000,39.600000,23.600000,31.000000
192.000000,39.000000,23.600000,31.000000
192.600000,38.600000,23.000000,30.400000
190.000000,38.800000,22.200000,29.200000
179.400000,38.200000,22.600000,29.800000
164.800000,37.600000,22.600000,29.800000
153.800000,38.000000,21.800000,28.600000
147.200000,38.200000,22.600000,29.800000
144.200000,38.400000,22.600000,29.800000
142.200000,38.600000,22.600000,29.800000
141.400000,38.800000,22.600000,29.800000
142.800000,39.000000,22.600000,29.800000
147.000000,39.000000,22.600000,29.800000
154.200000,39.400000,22.600000,29.800000
163.200000,40.600000,22.600000,29.800000
166.400000,46.800000,23.600000,31.000000
166.000000,64.800000,23.600000,31.000000
164.400000,79.600000,22.600000,29.800000
164.000000,53.200000,22.600000,29.800000
164.400000,14.600000,23.000000,30.400000
163.000000,17.400000,23.600000,31.000000
161.200000,48.600000,23.000000,30.400000
160.600000,40.400000,22.600000,29.800000
160.800000,35.600000,23.000000,30.400000
160.800000,44.400000,23.000000,30.400000
160.200000,53.000000,22.200000,29.200000
160.600000,18.000000,23.000000,30.400000
159.800000,15.600000,22.600000,29.800000
158.200000,45.600000,23.600000,31.000000
159.200000,37.000000,23.000000,30.400000
159.000000,36.800000,22.600000,29.800000
158.600000,37.800000,21.800000,28.600000
157.000000,37.400000,22.600000,29.800000
157.600000,39.400000,21.800000,28.600000
158.600000,39.400000,21.800000,28.600000
158.600000,38.600000,22.200000,29.200000
155.800000,35.600000,23.000000,30.400000
142.400000,28.200000,23.000000,30.400000
137.600000,30.400000,24.000000,31.600000
137.600000,30.400000,23.600000,31.000000
139.800000,30.400000,24.400000,32.200000
147.800000,31.000000,24.000000,31.600000
158.600000,30.800000,23.600000,31.000000
166.200000,31.200000,22.600000,29.800000
170.400000,31.400000,23.600000,31.000000
152.600000,38.600000,23.600000,31.000000
106.400000,54.000000,23.600000,31.000000
87.000000,54.000000,24.000000,31.600000
69.600000,53.800000,23.600000,31.000000
66.000000,53.400000,22.600000,29.800000
64.200000,53.000000,23.000000,30.400000
65.200000,53.000000,23.000000,30.400000
72.200000,51.600000,24.000000,31.600000
77.600000,52.000000,23.000000,30.400000
83.200000,51.400000,22.600000,29.800000
88.000000,51.200000,22.600000,29.800000
91.200000,51.000000,23.600000,31.000000
95.200000,50.600000,24.400000,32.200000
99.400000,52.000000,24.400000,32.200000
105.000000,52.000000,24.000000,31.600000
110.400000,49.800000,25.000000,33.000000
117.800000,48.800000,25.000000,33.000000
125.000000,49.400000,24.000000,31.600000
134.400000,51.200000,23.600000,31.000000
147.200000,50.800000,23.600000,31.000000
161.200000,48.800000,23.000000,30.400000
170.800000,48.400000,24.000000,31.600000
179.200000,48.800000,24.000000,31.600000
187.200000,51.600000,23.000000,30.400000
194.800000,48.800000,24.000000,31.600000
189.800000,47.600000,25.000000,33.000000
183.000000,48.600000,25.000000,33.000000
182.000000,50.600000,24.400000,32.200000
187.200000,48.200000,25.000000,33.000000
195.600000,46.400000,25.400000,33.600000
199.000000,47.800000,24.400000,32.200000
192.800000,49.200000,25.400000,33.600000
183.000000,47.800000,25.000000,33.000000
175.600000,45.200000,25.400000,33.600000
174.600000,46.200000,24.400000,32.200000
182.200000,47.800000,24.400000,32.200000
190.800000,45.000000,25.400000,33.600000
187.200000,44.000000,26.000000,34.200000
179.200000,44.800000,25.000000,33.000000
168.600000,46.400000,25.400000,33.600000
161.400000,45.200000,25.400000,33.600000
157.200000,44.000000,25.400000,33.600000
153.200000,42.800000,26.400000,35.000000
147.000000,42.800000,25.400000,33.600000
144.600000,42.600000,26.400000,35.000000
