263.200000,33.600000,31.400000,38.400000
261.800000,35.400000,28.400000,39.400000
258.400000,34.800000,28.200000,37.800000
257.400000,35.800000,30.000000,38.600000
254.600000,35.400000,30.400000,39.400000
250.800000,36.400000,30.000000,36.200000
237.600000,36.000000,29.000000,39.800000
217.000000,37.200000,30.400000,36.400000
196.400000,37.400000,28.600000,36.200000
180.800000,36.000000,30.000000,37.600000
195.000000,33.400000,31.400000,38.200000
225.200000,24.400000,31.400000,37.600000
242.600000,22.600000,29.200000,39.000000
239.800000,22.600000,29.000000,38.000000
229.800000,21.000000,31.000000,36.400000
220.200000,19.800000,31.200000,38.400000
208.400000,21.600000,30.400000,37.200000
194.600000,23.600000,31.800000,38.600000
219.800000,22.000000,33.400000,37.800000
219.800000,21.600000,31.600000,35.600000
207.600000,23.400000,31.200000,37.800000
189.400000,23.000000,31.400000,36.600000
172.800000,21.000000,31.400000,34.800000
158.400000,21.200000,31.400000,35.200000
146.000000,26.400000,31.400000,34.800000
134.200000,26.000000,31.400000,35.600000
122.600000,26.400000,31.000000,32.800000
108.800000,28.800000,31.400000,34.200000
91.800000,30.200000,30.800000,31.400000
75.600000,26.800000,31.400000,33.400000
62.200000,28.200000,30.400000,34.000000
48.800000,33.400000,31.000000,33.000000
34.600000,31.200000,30.600000,31.800000
27.000000,27.800000,30.400000,34.200000
112.800000,28.800000,32.400000,32.200000
146.000000,31.200000,30.400000,31.800000
171.800000,28.200000,30.000000,32.000000
160.200000,25.800000,30.200000,34.800000
152.200000,26.400000,29.000000,33.400000
184.200000,27.800000,26.000000,32.800000
185.600000,24.000000,25.200000,34.800000
185.000000,24.000000,24.400000,31.400000
185.200000,24.800000,23.800000,31.200000
185.200000,25.400000,25.000000,34.200000
185.000000,27.400000,24.400000,33.800000
183.200000,28.400000,24.400000,30.000000
178.000000,26.000000,24.600000,33.600000
166.000000,27.800000,24.200000,33.200000
146.600000,29.200000,25.200000,32.400000
130.800000,29.600000,22.000000,30.000000
121.400000,27.800000,23.800000,31.000000
118.800000,27.400000,25.000000,31.800000
120.200000,26.800000,24.400000,32.800000
120.200000,27.200000,24.400000,33.800000
121.400000,27.800000,24.200000,31.000000
123.600000,27.400000,23.400000,31.800000
122.800000,27.400000,26.000000,32.400000
124.200000,36.400000,24.600000,29.400000
121.800000,65.000000,25.600000,27.600000
120.200000,95.000000,23.600000,28.600000
117.400000,109.200000,26.200000,29.200000
117.400000,84.800000,25.400000,29.600000
117.000000,46.400000,26.200000,29.600000
118.800000,25.800000,24.800000,30.600000
119.000000,26.800000,25.200000,31.000000
119.800000,27.400000,24.000000,28.400000
118.400000,27.800000,24.400000,29.600000
118.400000,28.400000,25.400000,31.200000
117.400000,26.800000,25.800000,30.000000
115.200000,41.200000,26.600000,28.600000
115.000000,72.600000,25.200000,27.200000
114.600000,72.200000,24.400000,29.000000
116.000000,27.400000,25.200000,28.600000
118.800000,0.200000,22.400000,22.000000
115.600000,6.400000,23.800000,29.000000
112.600000,43.400000,25.800000,27.800000
114.600000,26.400000,24.800000,29.000000
117.400000,26.800000,25.400000,28.600000
116.400000,27.800000,25.800000,27.200000
116.400000,27.400000,25.000000,29.400000
116.400000,46.800000,24.400000,28.200000
115.200000,44.800000,25.000000,28.200000
115.600000,4.000000,25.200000,26.200000
114.600000,2.600000,25.200000,25.800000
112.600000,37.800000,25.800000,28.200000
113.600000,27.200000,25.400000,28.600000
115.200000,26.400000,23.600000,28.400000
113.600000,27.400000,24.800000,30.800000
112.200000,28.400000,26.800000,30.000000
112.600000,49.600000,24.800000,30.000000
112.800000,70.200000,23.800000,30.400000
114.200000,37.800000,24.200000,28.200000
115.600000,2.600000,24.600000,28.000000
117.600000,12.200000,23.800000,28.800000
115.200000,36.400000,23.200000,27.000000
114.200000,25.400000,22.800000,28.000000
112.200000,26.400000,23.800000,28.400000
111.800000,25.400000,24.800000,28.200000
114.200000,26.800000,21.400000,28.200000
115.600000,28.200000,22.000000,29.000000
111.800000,26.000000,24.200000,31.800000
103.600000,27.400000,27.600000,30.400000
95.200000,29.200000,27.400000,29.600000
101.800000,27.200000,27.600000,30.200000
114.200000,26.400000,25.600000,29.400000
123.200000,27.400000,27.200000,30.400000
126.600000,28.200000,25.600000,29.000000
128.000000,27.200000,23.400000,29.600000
131.800000,26.400000,22.400000,28.000000
133.200000,25.800000,24.200000,31.000000
133.200000,27.400000,23.800000,31.000000
146.600000,26.400000,23.200000,30.800000
169.800000,26.400000,22.800000,30.400000
195.200000,28.200000,24.600000,31.400000
216.400000,29.200000,22.600000,30.000000
217.400000,27.400000,23.000000,30.400000
206.600000,29.200000,22.400000,28.600000
189.000000,30.600000,21.400000,27.800000
173.800000,33.000000,22.600000,27.600000
162.800000,32.600000,21.800000,26.600000
158.000000,31.200000,21.000000,28.000000
157.000000,33.600000,22.800000,27.600000
160.400000,35.000000,20.800000,27.600000
160.200000,34.800000,20.600000,26.400000
156.400000,33.600000,21.000000,28.400000
151.200000,35.000000,19.200000,25.600000
141.200000,37.800000,19.600000,22.800000
128.000000,37.200000,19.000000,25.000000
118.000000,35.400000,21.400000,27.200000
115.000000,35.400000,20.000000,26.600000
113.200000,35.400000,19.400000,26.200000
113.600000,35.400000,21.000000,25.800000
116.400000,35.800000,20.600000,26.200000
121.400000,35.800000,19.400000,25.400000
129.800000,36.000000,20.600000,26.200000
138.000000,36.000000,20.000000,26.600000
144.200000,37.400000,22.200000,24.800000
152.600000,39.600000,21.000000,25.200000
156.400000,39.200000,23.000000,28.600000
156.600000,36.400000,22.800000,30.000000
142.800000,36.400000,24.800000,30.800000
138.400000,38.400000,25.200000,29.400000
149.800000,34.000000,25.400000,30.800000
159.400000,35.000000,24.400000,28.000000
167.400000,37.800000,24.000000,27.600000
177.000000,35.800000,24.800000,27.200000
185.600000,35.800000,23.200000,29.200000
173.800000,35.400000,22.800000,28.600000
180.400000,34.000000,22.400000,29.600000
174.600000,33.600000,22.800000,27.600000
182.600000,34.800000,22.000000,28.200000
173.600000,36.800000,22.400000,28.600000
162.800000,33.600000,24.200000,29.800000
168.000000,33.600000,24.800000,29.800000
178.800000,34.400000,22.000000,30.600000
187.400000,36.800000,22.400000,27.200000
197.600000,34.400000,24.600000,29.000000
197.000000,32.000000,23.400000,31.600000
205.600000,35.400000,23.200000,29.000000
202.800000,37.200000,25.200000,29.600000
204.200000,32.600000,25.200000,30.400000
209.400000,33.400000,26.200000,31.400000
210.800000,34.800000,26.200000,29.600000
208.800000,32.000000,27.200000,29.600000
213.800000,30.200000,25.600000,31.400000
206.400000,31.200000,26.400000,32.800000
197.400000,32.600000,25.800000,31.400000
192.600000,29.800000,29.600000,35.000000
191.200000,31.600000,28.200000,33.800000
204.600000,35.400000,27.200000,34.400000
220.200000,34.000000,27.200000,33.800000
232.800000,31.600000,28.400000,36.200000
233.600000,32.600000,28.200000,35.600000
233.800000,38.400000,27.600000,33.200000
215.200000,39.200000,27.600000,32.800000
193.800000,40.600000,30.800000,33.800000
176.000000,40.200000,27.800000,33.800000
163.800000,41.000000,27.400000,36.400000
158.400000,37.800000,28.200000,36.200000
162.200000,36.800000,27.600000,37.600000
160.400000,35.800000,29.800000,36.400000
157.600000,38.400000,28.000000,34.600000
150.800000,39.600000,28.600000,33.000000
141.400000,39.800000,29.400000,31.200000
136.000000,38.800000,27.800000,33.400000
132.600000,39.600000,30.000000,33.000000
128.400000,37.400000,27.200000,37.400000
121.800000,39.200000,28.400000,34.800000
112.800000,38.400000,27.600000,36.600000
96.600000,39.200000,30.400000,36.600000
85.200000,38.200000,31.400000,36.600000
119.400000,28.400000,33.800000,33.600000
231.400000,22.600000,32.800000,34.800000
263.200000,21.200000,31.400000,34.600000
269.800000,20.200000,30.600000,34.800000
258.800000,18.200000,31.400000,32.800000
246.400000,18.200000,31.000000,36.200000
151.200000,25.800000,27.600000,32.600000
133.600000,27.200000,26.800000,30.600000
113.800000,28.800000,27.000000,30.000000
91.400000,28.400000,27.000000,29.400000
112.600000,25.400000,28.200000,31.400000
130.800000,27.800000,28.000000,30.600000
158.000000,28.800000,27.600000,28.600000
155.000000,24.800000,25.800000,31.000000
141.400000,27.400000,27.400000,27.600000
131.800000,28.200000,26.600000,27.600000
122.200000,26.800000,27.200000,29.200000
120.800000,25.000000,26.200000,30.800000
119.800000,25.800000,27.600000,29.600000
122.200000,26.400000,25.200000,31.800000
126.600000,25.800000,24.600000,31.600000
132.200000,25.800000,23.800000,31.600000
136.000000,26.000000,22.400000,31.400000
138.800000,27.400000,24.400000,32.200000
141.400000,28.400000,24.200000,30.000000
143.600000,27.800000,24.800000,30.400000
140.400000,28.200000,24.600000,28.200000
133.800000,27.200000,24.600000,30.000000
126.000000,27.800000,24.400000,32.000000
113.800000,29.200000,24.200000,28.200000
103.800000,29.200000,23.200000,26.200000
99.400000,29.800000,23.200000,26.600000
97.600000,30.200000,24.200000,27.200000
99.400000,28.200000,22.800000,28.200000
106.600000,28.200000,24.600000,28.200000
117.000000,25.800000,23.400000,28.600000
121.800000,25.800000,23.200000,30.600000
117.400000,26.800000,22.000000,29.000000
105.200000,22.200000,24.200000,31.200000
97.600000,21.000000,23.800000,31.200000
92.800000,21.200000,24.600000,28.000000
97.400000,20.600000,23.000000,31.600000
107.600000,19.800000,23.800000,29.400000
123.600000,17.400000,25.400000,31.000000
137.600000,15.000000,26.000000,30.800000
150.800000,16.000000,23.400000,35.200000
158.400000,15.400000,23.400000,31.800000
163.800000,13.000000,25.600000,34.200000
171.800000,14.000000,26.200000,32.800000
183.200000,14.800000,23.400000,30.200000
197.000000,11.200000,23.800000,32.400000
208.000000,9.800000,24.600000,31.200000
207.600000,12.000000,26.000000,33.000000
201.400000,16.400000,26.600000,35.600000
132.200000,19.600000,25.400000,32.400000
134.200000,15.400000,27.200000,33.000000
100.800000,14.400000,28.000000,34.000000
98.000000,15.800000,28.000000,33.400000
116.000000,16.000000,26.800000,37.600000
131.400000,13.600000,27.000000,35.600000
141.200000,13.400000,26.200000,34.400000
150.400000,17.200000,25.200000,35.800000
154.200000,18.800000,26.600000,33.800000
144.200000,14.000000,27.200000,35.200000
152.800000,14.000000,26.000000,34.800000
156.400000,16.400000,26.200000,35.200000
173.600000,14.800000,26.800000,36.400000
169.800000,15.800000,29.200000,30.600000
173.800000,21.000000,28.400000,30.200000
168.400000,46.400000,28.000000,35.800000
163.800000,84.400000,29.400000,33.000000
162.600000,103.600000,30.000000,33.200000
160.800000,82.000000,28.000000,34.000000
159.000000,41.200000,29.000000,34.600000
157.000000,13.400000,28.600000,34.000000
156.600000,11.600000,27.000000,33.800000
155.000000,11.600000,29.200000,31.400000
153.800000,26.000000,29.000000,32.800000
153.800000,51.600000,26.600000,33.200000
153.800000,27.200000,28.000000,35.800000
156.600000,0.200000,24.600000,17.600000
155.200000,0.200000,26.200000,22.000000
153.600000,28.800000,26.800000,37.200000
153.800000,15.400000,28.800000,34.200000
156.000000,13.400000,27.800000,35.000000
153.800000,17.200000,28.800000,34.000000
150.800000,38.200000,28.600000,34.000000
148.000000,81.600000,30.000000,34.200000
141.400000,107.200000,30.400000,36.800000
141.200000,87.800000,29.200000,35.600000
142.600000,43.000000,29.200000,38.000000
143.200000,15.000000,28.600000,35.600000
144.600000,15.400000,27.600000,32.800000
145.000000,14.000000,28.800000,32.000000
145.600000,14.400000,29.400000,31.400000
146.000000,14.000000,28.200000,34.800000
143.600000,14.400000,29.000000,30.600000
137.400000,24.000000,31.600000,33.800000
135.000000,48.200000,29.600000,34.400000
133.600000,11.600000,27.200000,31.400000
136.800000,0.200000,20.600000,12.000000
133.400000,0.200000,29.200000,26.600000
128.800000,32.000000,29.200000,37.800000
130.400000,14.800000,27.200000,35.000000
129.400000,13.400000,29.400000,34.000000
128.800000,13.600000,27.600000,33.200000
126.400000,13.600000,28.800000,35.200000
125.600000,15.000000,29.000000,34.800000
125.600000,25.800000,28.200000,34.800000
124.600000,41.600000,28.600000,32.800000
122.200000,0.200000,30.400000,27.600000
128.000000,0.200000,23.400000,16.600000
120.400000,18.400000,29.400000,32.800000
119.400000,14.400000,29.400000,33.400000
119.800000,15.000000,27.200000,32.200000
117.600000,15.800000,30.000000,35.200000
118.000000,16.000000,28.000000,32.800000
116.600000,15.000000,27.600000,35.600000
100.400000,17.800000,26.000000,32.400000
97.600000,17.400000,28.400000,31.000000
97.000000,16.400000,29.000000,34.600000
96.600000,16.400000,29.800000,36.600000
127.600000,11.200000,27.000000,36.200000
169.800000,12.600000,27.800000,37.000000
176.600000,13.000000,27.600000,35.200000
183.200000,15.400000,28.200000,33.800000
193.800000,17.800000,28.800000,34.800000
193.600000,16.800000,29.000000,37.600000
155.000000,14.000000,30.600000,36.600000
140.800000,16.800000,30.000000,34.800000
154.200000,18.800000,32.400000,37.600000
177.600000,15.800000,30.800000,37.800000
190.400000,15.800000,32.400000,35.800000
