237.800000,103.400000,7.800000,18.800000
237.200000,103.400000,7.800000,18.800000
236.600000,103.200000,7.800000,18.800000
236.200000,103.200000,8.200000,19.600000
235.400000,103.200000,7.800000,18.800000
235.000000,103.000000,8.200000,19.600000
234.800000,102.800000,8.200000,19.600000
234.000000,102.400000,8.400000,20.400000
233.800000,102.600000,8.200000,19.600000
233.200000,102.600000,7.800000,18.800000
232.800000,102.600000,8.200000,19.600000
232.200000,102.600000,8.200000,19.600000
231.200000,102.800000,8.000000,19.200000
230.800000,103.000000,8.000000,19.200000
230.400000,102.600000,8.000000,19.200000
230.200000,102.200000,8.000000,19.200000
229.400000,102.200000,8.200000,20.000000
229.200000,102.400000,8.400000,20.400000
228.600000,102.000000,8.200000,19.600000
228.000000,101.600000,8.400000,20.400000
227.400000,101.600000,8.200000,19.600000
226.800000,101.600000,8.000000,19.200000
226.200000,102.000000,7.600000,18.400000
225.400000,102.200000,7.600000,18.400000
225.000000,102.600000,7.600000,18.400000
224.400000,102.000000,8.000000,19.200000
224.400000,102.400000,8.200000,20.000000
223.800000,102.800000,8.400000,20.400000
223.200000,102.800000,8.400000,20.400000
222.800000,102.600000,8.200000,20.000000
222.400000,102.600000,8.200000,19.600000
221.800000,102.400000,8.200000,19.600000
221.400000,102.400000,8.200000,19.600000
221.000000,102.600000,8.400000,20.400000
220.400000,102.800000,8.200000,19.600000
220.000000,102.800000,8.200000,20.000000
219.200000,102.800000,8.200000,20.000000
218.600000,103.000000,8.000000,19.200000
218.400000,103.200000,8.200000,20.000000
218.000000,103.600000,8.400000,20.400000
217.600000,103.600000,8.200000,19.600000
217.400000,103.400000,7.800000,18.800000
216.800000,103.200000,8.200000,19.600000
216.400000,103.000000,8.200000,20.000000
215.600000,103.200000,8.000000,19.200000
215.200000,102.600000,8.200000,20.000000
214.400000,102.600000,8.200000,20.000000
213.800000,102.600000,8.400000,20.400000
213.200000,102.800000,8.200000,20.000000
212.600000,102.600000,8.200000,20.000000
212.400000,102.200000,8.400000,20.400000
212.200000,102.600000,8.400000,20.400000
212.200000,102.800000,8.400000,20.400000
212.000000,103.000000,8.200000,20.000000
211.800000,102.800000,8.200000,20.000000
211.200000,102.200000,8.600000,20.800000
211.000000,102.400000,8.400000,20.400000
210.400000,102.200000,8.600000,20.800000
209.800000,102.000000,9.000000,21.600000
210.200000,102.800000,9.200000,22.000000
211.200000,104.600000,9.000000,21.600000
211.000000,104.400000,8.600000,20.800000
210.800000,104.800000,9.000000,21.600000
210.800000,104.800000,9.000000,21.600000
210.600000,105.200000,9.000000,21.600000
210.600000,105.200000,8.600000,20.800000
210.800000,105.000000,8.200000,20.000000
210.600000,104.600000,8.200000,19.600000
210.400000,104.200000,7.800000,18.800000
209.800000,104.000000,8.000000,19.200000
209.000000,104.000000,8.200000,19.600000
208.200000,103.600000,8.000000,19.200000
207.600000,103.200000,8.200000,20.000000
207.000000,103.400000,8.200000,20.000000
207.000000,103.400000,8.400000,20.400000
206.000000,103.000000,8.600000,20.800000
205.600000,102.800000,9.000000,21.600000
205.600000,102.600000,9.000000,21.600000
205.400000,102.800000,8.600000,20.800000
205.400000,102.800000,8.800000,21.200000
205.200000,103.000000,8.600000,20.800000
205.600000,103.400000,8.200000,20.000000
205.400000,103.000000,8.600000,20.800000
205.000000,103.000000,8.600000,20.800000
204.800000,102.800000,8.600000,20.800000
205.400000,103.200000,8.400000,20.400000
205.200000,102.800000,8.600000,20.800000
207.600000,102.400000,8.600000,20.800000
209.000000,102.200000,8.600000,20.800000
209.000000,102.000000,8.800000,21.200000
208.400000,102.200000,8.800000,21.200000
208.600000,101.800000,8.800000,21.200000
208.200000,102.000000,8.800000,21.200000
207.800000,102.000000,9.000000,21.600000
207.400000,102.400000,8.800000,21.200000
207.000000,102.400000,9.000000,21.600000
207.000000,102.200000,8.800000,21.200000
206.800000,102.200000,8.600000,20.800000
206.600000,101.800000,9.000000,21.600000
206.600000,102.000000,8.800000,21.200000
206.600000,101.800000,8.800000,21.200000
206.600000,101.600000,8.800000,21.200000
206.200000,101.000000,8.800000,21.200000
205.800000,100.600000,9.000000,21.600000
205.800000,100.800000,9.200000,22.000000
205.000000,100.200000,9.200000,22.000000
204.200000,100.000000,9.400000,22.400000
204.000000,99.600000,9.200000,22.000000
203.600000,99.400000,9.200000,22.000000
203.800000,100.000000,8.800000,21.200000
203.400000,99.800000,9.000000,21.600000
203.400000,100.000000,9.000000,21.600000
203.600000,99.600000,9.000000,21.600000
203.200000,99.000000,9.400000,22.400000
203.000000,99.000000,9.600000,23.000000
203.000000,99.600000,9.600000,23.000000
202.600000,98.800000,9.800000,23.800000
202.600000,99.800000,9.600000,23.000000
202.200000,99.600000,9.600000,23.000000
202.200000,98.800000,9.600000,23.400000
202.400000,99.000000,9.400000,22.400000
202.400000,99.200000,9.600000,23.000000
202.400000,99.400000,9.400000,22.400000
202.400000,99.200000,9.400000,22.400000
202.600000,98.800000,9.600000,23.400000
202.400000,98.600000,9.600000,23.400000
202.200000,98.600000,9.600000,23.000000
201.800000,97.800000,9.800000,23.800000
201.800000,98.000000,9.800000,23.800000
202.200000,98.000000,9.600000,23.000000
202.000000,97.600000,9.600000,23.400000
202.200000,97.600000,9.400000,22.400000
202.400000,97.600000,9.600000,23.000000
202.400000,97.000000,9.600000,23.400000
202.800000,97.200000,9.600000,23.000000
203.000000,97.800000,9.400000,22.400000
203.400000,97.200000,9.600000,23.000000
204.000000,97.200000,9.400000,22.400000
204.000000,96.600000,9.600000,23.000000
204.200000,96.600000,9.600000,23.400000
204.800000,96.800000,9.400000,22.400000
204.800000,97.200000,9.200000,22.000000
205.000000,97.000000,9.200000,22.000000
205.400000,97.000000,8.800000,21.200000
205.600000,96.800000,8.800000,21.200000
205.400000,96.600000,9.200000,22.000000
206.000000,96.800000,9.000000,21.600000
206.400000,97.000000,9.000000,21.600000
206.800000,97.000000,8.800000,21.200000
207.200000,96.400000,9.200000,22.000000
207.400000,96.000000,9.000000,21.600000
207.600000,95.600000,9.200000,22.000000
207.600000,95.600000,9.400000,22.400000
208.200000,95.800000,9.200000,22.000000
208.400000,95.400000,9.600000,23.000000
208.600000,95.000000,9.400000,22.400000
209.200000,94.800000,9.200000,22.000000
209.000000,94.200000,9.600000,23.000000
210.200000,94.800000,9.200000,22.000000
211.000000,94.600000,9.600000,23.000000
211.600000,94.800000,9.200000,22.000000
212.000000,94.200000,9.000000,21.600000
