203.800000,71.200000,17.600000,49.000000
203.600000,72.600000,17.200000,48.600000
202.200000,73.600000,17.600000,49.000000
200.200000,74.800000,17.800000,48.800000
199.000000,75.000000,17.000000,50.000000
197.000000,75.800000,17.600000,49.000000
194.600000,76.400000,15.800000,48.600000
194.600000,77.800000,15.600000,49.600000
193.600000,79.600000,15.400000,47.200000
192.800000,78.800000,16.200000,48.600000
193.600000,78.800000,16.800000,49.400000
194.200000,79.200000,18.000000,48.600000
195.200000,80.600000,17.400000,49.200000
197.400000,80.200000,15.400000,50.400000
197.600000,80.600000,17.600000,50.600000
199.400000,79.600000,17.600000,49.600000
211.400000,79.600000,16.200000,50.200000
209.800000,78.800000,16.600000,46.600000
210.800000,79.200000,16.200000,47.600000
213.800000,77.800000,17.400000,51.400000
209.800000,76.000000,18.600000,49.400000
212.600000,75.800000,17.800000,50.200000
209.800000,75.400000,17.800000,50.400000
205.000000,73.000000,16.400000,50.000000
202.200000,71.200000,17.600000,49.400000
196.400000,68.200000,16.200000,50.000000
193.200000,67.400000,16.600000,50.000000
189.400000,66.000000,16.200000,50.800000
186.400000,66.400000,18.200000,52.000000
188.400000,65.800000,16.600000,50.600000
186.400000,66.000000,17.800000,50.000000
184.600000,65.000000,17.200000,51.800000
181.200000,65.400000,17.200000,51.400000
175.200000,65.400000,18.000000,53.400000
174.600000,66.400000,16.800000,51.800000
172.800000,66.000000,18.000000,52.400000
174.600000,66.400000,15.200000,53.200000
175.600000,68.800000,15.800000,54.600000
174.200000,70.200000,16.600000,54.600000
175.600000,71.600000,15.200000,53.400000
174.600000,71.600000,15.800000,54.400000
174.200000,72.000000,15.600000,53.400000
174.600000,72.600000,15.600000,55.600000
173.800000,76.400000,16.600000,54.600000
172.600000,76.400000,14.800000,54.200000
171.200000,75.400000,15.800000,55.600000
168.400000,75.800000,16.600000,55.200000
165.600000,76.400000,16.200000,54.200000
164.200000,76.800000,16.000000,54.200000
162.800000,76.400000,16.200000,54.600000
160.800000,74.800000,17.600000,55.000000
161.200000,74.800000,17.800000,55.400000
161.800000,74.400000,17.600000,55.200000
162.200000,75.400000,16.600000,54.800000
161.200000,74.400000,17.200000,55.800000
162.600000,74.000000,16.800000,54.800000
164.200000,72.200000,17.000000,56.600000
161.800000,73.400000,18.400000,55.000000
162.200000,73.600000,15.800000,54.800000
161.400000,73.600000,15.600000,53.800000
159.800000,73.000000,17.800000,56.600000
159.000000,71.600000,18.400000,55.800000
156.000000,70.600000,17.600000,55.800000
153.600000,71.000000,19.000000,56.800000
149.400000,72.200000,19.400000,54.200000
146.400000,70.200000,16.400000,56.200000
145.600000,69.600000,15.600000,55.400000
144.200000,69.600000,17.200000,57.200000
142.800000,70.600000,17.400000,56.200000
143.600000,72.000000,14.400000,56.800000
142.800000,72.200000,17.400000,55.200000
140.800000,71.200000,17.200000,56.000000
142.200000,72.600000,15.400000,56.600000
143.800000,73.400000,17.000000,57.200000
144.600000,75.400000,17.200000,57.600000
145.600000,74.800000,17.000000,56.400000
146.000000,72.600000,16.800000,58.400000
147.000000,72.200000,18.600000,57.000000
146.400000,71.600000,18.200000,58.000000
148.400000,71.200000,18.200000,58.400000
151.400000,69.600000,17.400000,57.200000
153.600000,69.800000,17.800000,56.600000
155.600000,69.200000,18.600000,58.200000
157.600000,71.000000,19.400000,57.200000
160.200000,72.600000,17.400000,58.000000
162.800000,72.200000,18.000000,58.800000
161.800000,71.000000,19.400000,58.800000
166.000000,72.200000,18.600000,59.000000
168.800000,74.000000,19.200000,58.200000
170.800000,76.000000,19.000000,58.800000
173.800000,76.800000,20.000000,56.800000
176.600000,76.800000,18.600000,58.000000
179.000000,76.400000,19.400000,59.600000
179.000000,76.800000,18.000000,59.600000
178.400000,77.800000,18.000000,58.000000
180.200000,76.800000,17.400000,59.000000
177.000000,75.400000,19.600000,58.000000
177.600000,75.800000,20.000000,58.200000
180.800000,76.800000,19.600000,59.600000
182.600000,78.400000,18.800000,59.400000
185.000000,77.800000,17.600000,60.000000
185.600000,77.400000,17.600000,59.000000
187.000000,76.800000,18.200000,59.000000
186.600000,77.400000,20.800000,60.800000
186.600000,77.800000,21.400000,61.800000
188.400000,78.800000,20.000000,60.000000
189.800000,78.200000,20.000000,59.000000
188.400000,77.400000,19.200000,59.800000
186.600000,78.400000,20.400000,61.200000
186.000000,79.200000,20.600000,59.600000
181.200000,76.800000,20.600000,59.200000
177.000000,77.200000,20.400000,59.600000
186.600000,76.800000,20.000000,60.000000
185.000000,79.600000,19.600000,60.200000
183.600000,82.000000,19.000000,59.200000
188.000000,81.600000,20.000000,60.400000
183.800000,81.200000,18.800000,61.000000
186.600000,81.000000,19.000000,60.000000
186.600000,82.600000,20.800000,61.000000
186.000000,83.000000,20.000000,62.000000
190.800000,83.400000,19.600000,62.400000
188.400000,83.400000,19.600000,60.200000
192.600000,83.400000,18.600000,61.000000
190.400000,84.000000,20.000000,63.200000
190.800000,85.800000,20.000000,62.600000
191.200000,86.000000,20.600000,61.800000
190.200000,85.400000,20.200000,61.800000
187.000000,84.400000,22.800000,63.800000
184.600000,87.200000,20.600000,62.600000
185.600000,89.200000,22.000000,64.200000
186.600000,90.600000,21.000000,63.000000
188.000000,91.600000,22.200000,63.400000
187.000000,92.000000,22.000000,63.800000
186.400000,93.000000,24.000000,64.400000
187.600000,93.400000,21.800000,63.400000
186.600000,92.600000,20.400000,62.800000
186.400000,93.400000,20.600000,63.800000
187.000000,93.000000,22.800000,63.800000
185.200000,93.400000,20.800000,62.400000
178.800000,91.600000,21.400000,60.600000
177.600000,89.600000,21.800000,64.000000
179.800000,87.800000,20.600000,65.200000
182.200000,89.200000,22.800000,63.800000
182.800000,89.800000,23.200000,63.600000
184.200000,89.800000,23.200000,63.800000
185.000000,90.200000,22.400000,64.600000
187.000000,89.200000,21.400000,64.400000
186.400000,90.200000,23.800000,65.800000
189.400000,91.200000,21.800000,66.600000
190.800000,92.600000,22.400000,64.600000
192.600000,92.200000,22.000000,65.000000
193.800000,91.200000,22.800000,67.000000
195.600000,92.600000,23.200000,67.000000
197.600000,94.800000,23.600000,64.800000
201.200000,96.000000,21.400000,67.400000
199.800000,95.000000,23.400000,67.200000
200.200000,95.400000,21.200000,67.200000
199.800000,96.400000,22.400000,67.000000
199.800000,97.800000,22.400000,67.600000
200.800000,99.800000,22.400000,67.400000
200.800000,100.200000,23.000000,66.600000
201.400000,99.800000,21.200000,67.400000
199.400000,101.200000,22.400000,67.000000
197.000000,101.200000,22.800000,67.600000
197.000000,103.000000,22.800000,65.400000
196.000000,103.000000,24.800000,68.200000
195.000000,102.600000,24.800000,69.400000
194.200000,104.400000,23.800000,68.600000
193.200000,107.200000,24.400000,70.000000
193.600000,109.800000,24.400000,69.000000
197.000000,111.200000,23.200000,70.800000
200.400000,111.600000,23.400000,68.600000
202.600000,112.200000,24.000000,67.400000
203.200000,112.200000,23.800000,66.600000
200.800000,112.000000,25.200000,68.600000
198.800000,111.600000,24.400000,69.400000
196.000000,110.600000,24.400000,68.200000
196.400000,110.600000,23.400000,69.600000
196.600000,111.200000,24.800000,71.400000
196.000000,112.000000,25.400000,71.600000
195.200000,110.200000,25.200000,71.400000
193.200000,108.800000,25.800000,70.000000
189.800000,106.800000,25.800000,70.000000
189.000000,107.200000,24.800000,70.600000
191.800000,109.200000,24.600000,72.000000
193.200000,108.800000,25.600000,70.400000
194.600000,108.200000,24.400000,71.400000
193.200000,107.800000,27.200000,74.400000
191.800000,107.200000,25.800000,74.000000
188.800000,105.000000,26.200000,74.600000
186.600000,101.200000,26.600000,74.600000
182.600000,98.800000,26.800000,72.800000
180.400000,96.000000,26.600000,75.000000
178.400000,93.400000,26.600000,75.400000
177.600000,91.200000,27.000000,74.200000
176.600000,87.800000,28.400000,71.800000
176.400000,86.400000,26.200000,74.800000
176.000000,88.800000,25.200000,74.800000
173.800000,90.200000,27.600000,75.600000
172.600000,89.600000,27.600000,76.200000
168.800000,88.200000,26.800000,74.800000
167.400000,86.400000,25.200000,74.800000
163.600000,86.400000,30.000000,76.600000
165.200000,86.400000,28.600000,77.600000
166.600000,85.000000,27.600000,76.200000
169.400000,82.200000,26.200000,75.200000
171.400000,81.200000,27.600000,74.600000
173.600000,81.000000,29.200000,78.200000
175.200000,81.000000,29.000000,76.400000
173.800000,77.400000,29.000000,78.600000
169.800000,77.200000,29.200000,77.800000
166.600000,75.000000,28.600000,78.600000
162.600000,77.400000,26.400000,80.000000
159.800000,78.800000,29.000000,78.000000
159.000000,79.200000,30.000000,79.600000
161.400000,78.200000,28.800000,77.200000
160.200000,78.200000,28.800000,78.600000
159.800000,79.200000,26.600000,79.600000
158.800000,81.200000,31.000000,78.400000
156.600000,81.200000,32.800000,80.800000
157.600000,80.200000,28.400000,80.800000
155.000000,80.600000,27.600000,78.600000
150.800000,81.200000,26.200000,81.400000
147.400000,81.000000,27.800000,83.000000
143.200000,79.200000,28.600000,84.200000
140.200000,78.200000,26.800000,81.600000
135.600000,75.800000,29.600000,81.600000
134.600000,75.400000,30.600000,80.400000
138.000000,74.800000,29.400000,82.400000
139.800000,74.800000,30.000000,85.400000
141.800000,75.000000,30.000000,83.200000
140.200000,75.000000,27.800000,82.800000
139.400000,77.200000,27.200000,81.200000
138.800000,76.800000,31.000000,87.200000
142.600000,78.800000,31.000000,85.200000
141.400000,77.800000,30.000000,84.800000
141.400000,76.000000,30.000000,83.800000
138.000000,73.400000,31.800000,82.600000
136.400000,73.400000,30.200000,83.400000
133.600000,72.600000,31.400000,87.200000
128.800000,71.600000,32.400000,85.600000
127.600000,71.600000,29.800000,85.200000
126.400000,71.000000,28.600000,83.800000
125.600000,71.000000,29.000000,85.800000
126.400000,71.200000,31.000000,89.000000
127.000000,72.600000,31.400000,87.000000
127.400000,73.400000,31.000000,86.200000
126.600000,73.400000,31.000000,86.400000
123.800000,74.000000,34.200000,84.200000
123.600000,76.400000,34.400000,86.600000
125.000000,77.800000,33.800000,88.000000
126.400000,78.800000,32.000000,88.600000
126.400000,78.800000,30.600000,87.000000
123.800000,78.400000,32.200000,87.000000
124.600000,79.800000,32.400000,86.200000
124.200000,82.000000,31.400000,89.600000
122.600000,82.600000,32.600000,90.400000
123.800000,82.000000,31.400000,89.000000
120.200000,82.600000,33.000000,85.600000
118.000000,82.000000,31.800000,86.200000
111.800000,81.600000,33.200000,86.800000
109.400000,81.600000,31.000000,87.200000
110.200000,83.000000,30.000000,90.000000
108.400000,82.000000,30.600000,90.000000
108.400000,79.800000,31.000000,89.800000
104.600000,78.800000,31.800000,87.600000
101.800000,78.800000,32.000000,90.000000
96.400000,78.800000,35.800000,91.400000
93.200000,79.800000,35.600000,92.400000
88.800000,79.200000,34.800000,92.000000
86.600000,78.800000,33.800000,90.000000
84.600000,78.800000,33.400000,84.200000
85.200000,80.200000,33.600000,89.400000
84.600000,82.000000,34.800000,90.000000
85.600000,85.400000,35.600000,91.400000
90.400000,86.800000,33.400000,91.400000
93.200000,88.200000,33.400000,90.600000
92.600000,88.400000,34.400000,90.800000
91.800000,90.600000,34.800000,88.200000
90.400000,92.000000,33.200000,92.000000
91.400000,94.800000,29.800000,93.400000
93.800000,96.000000,28.400000,91.400000
97.000000,96.000000,30.000000,92.800000
97.400000,96.400000,32.400000,90.800000
98.400000,98.400000,31.400000,90.800000
98.400000,100.200000,31.800000,93.200000
99.000000,101.000000,30.800000,93.800000
97.800000,99.200000,32.000000,95.200000
101.200000,96.800000,30.600000,96.600000
101.200000,93.000000,28.200000,94.200000
98.800000,87.200000,30.000000,94.000000
100.200000,82.200000,31.600000,95.000000
101.400000,79.600000,31.800000,93.000000
103.600000,74.400000,32.000000,93.800000
105.600000,71.000000,33.200000,93.800000
110.400000,67.800000,35.200000,91.000000
112.600000,66.800000,32.000000,93.800000
115.000000,64.000000,32.000000,95.800000
116.400000,61.200000,29.600000,97.600000
115.000000,61.600000,28.600000,98.600000
112.200000,61.200000,29.200000,99.000000
112.600000,63.000000,30.200000,98.000000
111.800000,65.000000,31.800000,93.200000
115.000000,66.000000,28.200000,95.000000
115.000000,67.200000,30.600000,93.800000
118.400000,69.600000,30.000000,91.400000
119.000000,71.200000,30.800000,92.200000
121.400000,73.000000,30.400000,90.400000
123.200000,73.400000,29.000000,89.200000
125.600000,74.800000,28.600000,89.600000
126.600000,76.000000,33.200000,91.400000
128.800000,74.400000,34.000000,94.800000
130.800000,76.400000,32.000000,93.200000
133.800000,77.400000,31.800000,91.800000
135.000000,78.800000,34.000000,88.600000
136.600000,80.600000,31.000000,85.800000
137.400000,82.200000,30.200000,85.600000
135.000000,83.400000,30.600000,83.800000
136.400000,84.000000,27.200000,88.600000
134.200000,85.000000,28.600000,87.200000
132.800000,85.800000,28.400000,84.400000
130.200000,86.400000,27.800000,85.800000
126.000000,87.400000,31.000000,84.800000
126.400000,91.000000,31.600000,85.000000
128.000000,90.200000,31.400000,89.400000
129.400000,91.000000,31.000000,87.400000
128.800000,91.200000,30.200000,86.200000
127.600000,91.200000,31.800000,90.000000
127.000000,92.000000,32.800000,91.000000
127.000000,91.600000,31.800000,91.000000
127.600000,93.400000,28.800000,88.200000
128.000000,94.000000,31.400000,88.200000
128.400000,95.400000,31.000000,88.600000
126.000000,95.800000,32.800000,89.600000
124.200000,96.000000,33.400000,95.600000
123.600000,97.200000,32.800000,97.800000
122.600000,97.400000,34.000000,97.400000
121.200000,97.400000,35.400000,97.400000
118.800000,96.400000,34.400000,99.000000
117.000000,98.200000,36.600000,96.200000
117.600000,96.400000,35.000000,98.400000
116.600000,96.800000,36.200000,98.200000
115.600000,96.400000,35.800000,98.600000
118.000000,96.000000,32.800000,97.400000
118.000000,96.800000,31.400000,99.000000
118.800000,96.400000,31.400000,98.400000
118.800000,97.200000,31.000000,98.200000
119.000000,96.000000,31.200000,99.400000
120.200000,96.800000,28.800000,98.000000
119.400000,97.200000,31.000000,96.200000
121.400000,97.200000,29.800000,94.800000
121.800000,97.800000,30.000000,98.000000
123.200000,97.400000,30.400000,97.000000
122.600000,98.200000,34.000000,97.800000
123.800000,99.800000,36.600000,95.000000
123.600000,103.400000,39.200000,92.600000
131.400000,106.800000,37.400000,89.000000
135.000000,107.200000,39.600000,86.200000
131.200000,104.800000,47.800000,90.600000
136.400000,104.800000,47.400000,85.000000
137.000000,104.000000,47.600000,87.200000
139.800000,103.600000,46.600000,88.600000
139.400000,103.600000,47.000000,88.400000
141.400000,104.400000,43.600000,88.600000
140.200000,103.400000,42.400000,87.800000
140.800000,103.000000,39.600000,86.800000
138.800000,103.000000,39.600000,93.000000
138.000000,103.600000,38.400000,94.800000
138.800000,104.400000,35.000000,90.400000
137.600000,103.400000,33.600000,95.400000
137.400000,101.200000,33.800000,98.600000
131.800000,101.600000,37.200000,99.600000
131.400000,101.200000,35.200000,101.000000
132.600000,102.000000,33.800000,101.400000
132.200000,102.200000,34.400000,99.800000
132.600000,101.600000,33.800000,100.400000
132.600000,102.200000,35.000000,98.800000
133.200000,102.600000,35.600000,99.400000
131.400000,102.000000,36.200000,95.200000
132.600000,102.200000,34.400000,94.200000
133.200000,103.400000,34.800000,92.400000
134.600000,103.400000,35.200000,89.200000
134.600000,104.000000,34.800000,89.000000
137.000000,104.000000,31.800000,88.600000
