155.200000,128.200000,6.400000,12.600000
155.800000,128.000000,6.600000,13.200000
156.800000,128.000000,6.600000,12.800000
157.200000,127.600000,6.600000,13.200000
157.800000,127.600000,6.800000,13.400000
158.600000,127.600000,6.600000,13.200000
159.200000,127.600000,6.800000,13.400000
159.800000,127.600000,6.600000,13.200000
160.600000,127.400000,6.600000,13.200000
161.200000,127.400000,6.600000,13.200000
162.000000,127.200000,6.600000,13.200000
163.000000,127.400000,6.600000,12.800000
163.400000,127.400000,6.600000,13.200000
164.400000,127.600000,7.000000,13.600000
165.000000,127.000000,7.000000,14.000000
165.800000,127.200000,7.000000,14.000000
166.400000,127.000000,6.800000,13.400000
167.000000,127.200000,7.000000,14.000000
167.800000,127.200000,7.000000,13.600000
168.200000,127.000000,7.000000,14.000000
168.800000,126.800000,7.400000,14.400000
169.400000,126.400000,7.200000,14.200000
169.800000,126.200000,7.000000,14.000000
170.800000,126.800000,7.000000,13.600000
171.400000,126.800000,6.800000,13.400000
172.800000,127.000000,6.600000,12.800000
173.000000,126.400000,6.600000,13.200000
173.800000,126.200000,6.600000,12.800000
174.400000,126.200000,6.600000,12.800000
174.800000,126.400000,6.600000,12.800000
175.200000,126.200000,6.600000,12.800000
175.600000,126.000000,6.600000,12.800000
176.200000,126.000000,6.600000,12.800000
176.400000,125.600000,6.600000,12.800000
176.800000,125.600000,6.600000,13.200000
177.000000,125.200000,6.600000,13.200000
178.000000,125.400000,6.800000,13.400000
178.200000,125.000000,7.000000,14.000000
179.400000,125.200000,7.000000,13.600000
179.800000,125.000000,6.800000,13.400000
180.600000,125.000000,6.600000,12.800000
181.000000,125.000000,6.600000,12.800000
181.200000,125.000000,6.600000,12.800000
181.400000,125.000000,6.600000,12.800000
182.000000,125.000000,6.600000,12.800000
182.200000,124.800000,6.600000,12.800000
182.200000,124.400000,6.600000,12.800000
182.600000,124.600000,6.800000,13.400000
183.200000,124.400000,6.600000,13.200000
183.800000,124.400000,6.800000,13.400000
